3.724966622162885210e-01
6.175920149719275193e-02
4.605776736924277470e-02
2.534562211981567295e-02
3.347188798949901622e-02
3.482142857142857262e-02
2.192691029900331601e-01
1.242236024844720205e-01
2.015444015444015913e-01
1.607142857142856707e-01
1.319934818033677570e-01
5.432595573440644754e-02
2.015444015444015913e-01
3.922034704064653737e-02
1.242236024844720205e-01
2.745722244329486597e-02
5.432595573440644754e-02
1.500904159132007420e-01
2.745722244329486597e-02
3.217503217503217550e-02
4.081632653061223470e-02
3.769194974406699788e-02
2.244116037219485299e-02
5.432595573440644754e-02
2.337662337662337053e-02
2.534562211981567295e-02
2.745722244329486597e-02
1.260504201680672128e-02
2.192691029900331601e-01
1.242236024844720205e-01
7.389162561576353982e-02
9.692372524230932415e-03
2.015444015444015913e-01
1.819407008086253510e-02
3.092783505154639290e-02
4.605776736924277470e-02
1.500904159132007420e-01
3.769194974406699788e-02
1.405714285714285416e-01
2.745722244329486597e-02
3.769194974406699788e-02
2.857142857142857054e-02
4.998634252936356298e-02
6.452648475120385807e-02
2.398921832884097771e-01
1.594459655339023826e-02
1.594459655339023826e-02
1.047619047619047644e-01
2.745722244329486597e-02
3.622693096377307270e-02
1.607142857142856707e-01
2.066042733533462669e-02
5.667060212514757334e-02
1.607142857142856707e-01
2.244116037219485299e-02
1.106906338694417929e-01
1.171527434503213116e-01
5.432595573440644754e-02
8.958837772397092170e-02
2.972749793559041967e-02
3.482142857142857262e-02
6.746031746031745657e-02
1.405714285714285416e-01
1.819407008086253510e-02
1.819407008086253510e-02
1.819407008086253510e-02
2.192691029900331601e-01
4.422979156075240725e-02
2.398921832884097771e-01
9.426057813154582743e-02
4.248447204968943541e-02
7.389162561576353982e-02
5.667060212514757334e-02
1.171527434503213116e-01
1.242236024844720205e-01
4.422979156075240725e-02
1.523809523809523808e-02
9.426057813154582743e-02
4.248447204968943541e-02
1.500904159132007420e-01
1.319934818033677570e-01
7.057620184111831896e-02
5.914467697907188626e-02
1.742160278745644511e-02
3.922034704064653737e-02
4.081632653061223470e-02
2.638264608168849196e-02
5.432595573440644754e-02
1.594459655339023826e-02
1.242236024844720205e-01
1.319934818033677570e-01
1.171527434503213116e-01
1.455171334689407160e-02
4.605776736924277470e-02
4.797441364605542491e-02
4.081632653061223470e-02
2.337662337662337053e-02
5.667060212514757334e-02
7.389162561576353982e-02
1.819407008086253510e-02
5.210084033613446991e-02
3.347188798949901622e-02
2.244116037219485299e-02
4.422979156075240725e-02
2.857142857142857054e-02
1.500904159132007420e-01
9.426057813154582743e-02
1.405714285714285416e-01
3.622693096377307270e-02
6.746031746031745657e-02
4.081632653061223470e-02
1.726472579553147146e-01
2.398921832884097771e-01
6.452648475120385807e-02
2.534562211981567295e-02
1.500904159132007420e-01
1.726472579553147146e-01
1.388460351743288877e-02
1.242236024844720205e-01
5.914467697907188626e-02
2.434421588979052836e-02
1.171527434503213116e-01
1.981230448383732717e-02
2.066042733533462669e-02
1.861471861471861167e-01
2.244116037219485299e-02
4.081632653061223470e-02
1.500904159132007420e-01
1.319934818033677570e-01
3.922034704064653737e-02
2.745722244329486597e-02
9.426057813154582743e-02
7.742639040348964219e-02
6.452648475120385807e-02
5.210084033613446991e-02
4.605776736924277470e-02
2.015444015444015913e-01
5.667060212514757334e-02
8.958837772397092170e-02
1.171527434503213116e-01
3.092783505154639290e-02
2.066042733533462669e-02
3.482142857142857262e-02
4.248447204968943541e-02
1.319934818033677570e-01
1.323596531264262764e-02
2.434421588979052836e-02
3.622693096377307270e-02
1.607142857142856707e-01
9.692372524230932415e-03
1.171527434503213116e-01
1.171527434503213116e-01
1.106906338694417929e-01
5.914467697907188626e-02
1.106906338694417929e-01
7.389162561576353982e-02
3.922034704064653737e-02
1.819407008086253510e-02
1.819407008086253510e-02
1.199111769059955403e-02
1.861471861471861167e-01
5.210084033613446991e-02
1.171527434503213116e-01
2.434421588979052836e-02
6.452648475120385807e-02
1.455171334689407160e-02
2.244116037219485299e-02
3.622693096377307270e-02
2.066042733533462669e-02
9.153952843273232415e-03
1.405714285714285416e-01
7.389162561576353982e-02
4.248447204968943541e-02
2.434421588979052836e-02
2.638264608168849196e-02
4.248447204968943541e-02
4.797441364605542491e-02
3.217503217503217550e-02
3.092783505154639290e-02
2.857142857142857054e-02
4.797441364605542491e-02
1.607142857142856707e-01
1.500904159132007420e-01
9.930313588850171735e-02
1.899059024807527724e-02
3.622693096377307270e-02
2.638264608168849196e-02
3.217503217503217550e-02
6.746031746031745657e-02
1.667211507028440454e-02
2.932330827067670120e-01
3.622693096377307270e-02
2.337662337662337053e-02
1.171527434503213116e-01
1.405714285714285416e-01
1.242236024844720205e-01
1.726472579553147146e-01
1.455171334689407160e-02
2.745722244329486597e-02
1.899059024807527724e-02
4.422979156075240725e-02
1.242236024844720205e-01
3.482142857142857262e-02
3.922034704064653737e-02
6.746031746031745657e-02
2.153625269203158707e-02
1.607142857142856707e-01
7.057620184111831896e-02
2.745722244329486597e-02
6.452648475120385807e-02
1.319934818033677570e-01
1.594459655339023826e-02
3.922034704064653737e-02
3.482142857142857262e-02
4.248447204968943541e-02
8.116883116883117852e-03
7.742639040348964219e-02
4.797441364605542491e-02
3.482142857142857262e-02
2.972749793559041967e-02
8.958837772397092170e-02
1.981230448383732717e-02
7.389162561576353982e-02
5.432595573440644754e-02
4.422979156075240725e-02
4.605776736924277470e-02
8.524717789022967507e-02
1.726472579553147146e-01
8.524717789022967507e-02
2.192691029900331601e-01
1.024473534433693878e-02
1.199111769059955403e-02
3.092783505154639290e-02
2.244116037219485299e-02
4.605776736924277470e-02
2.972749793559041967e-02
5.667060212514757334e-02
3.217503217503217550e-02
7.057620184111831896e-02
3.482142857142857262e-02
4.081632653061223470e-02
1.500904159132007420e-01
1.405714285714285416e-01
1.607142857142856707e-01
2.534562211981567295e-02
3.285714285714284588e-01
3.347188798949901622e-02
4.285714285714283811e-01
1.594459655339023826e-02
5.914467697907188626e-02
3.922034704064653737e-02
1.500904159132007420e-01
5.914467697907188626e-02
3.769194974406699788e-02
2.972749793559041967e-02
4.998634252936356298e-02
1.405714285714285416e-01
2.638264608168849196e-02
2.857142857142857054e-02
1.500904159132007420e-01
1.405714285714285416e-01
8.958837772397092170e-02
2.015444015444015913e-01
4.605776736924277470e-02
8.628954937679768344e-03
3.217503217503217550e-02
8.116883116883117852e-03
6.175920149719275193e-02
8.958837772397092170e-02
5.914467697907188626e-02
1.667211507028440454e-02
4.998634252936356298e-02
4.797441364605542491e-02
1.323596531264262764e-02
4.248447204968943541e-02
3.622693096377307270e-02
1.405714285714285416e-01
1.500904159132007420e-01
5.432595573440644754e-02
3.285714285714284588e-01
1.981230448383732717e-02
9.426057813154582743e-02
1.319934818033677570e-01
1.260504201680672128e-02
3.769194974406699788e-02
6.175920149719275193e-02
1.081159002450627141e-02
4.081632653061223470e-02
1.819407008086253510e-02
8.958837772397092170e-02
1.594459655339023826e-02
1.667211507028440454e-02
2.972749793559041967e-02
1.171527434503213116e-01
1.523809523809523808e-02
5.667060212514757334e-02
7.389162561576353982e-02
6.452648475120385807e-02
7.389162561576353982e-02
5.667060212514757334e-02
2.972749793559041967e-02
1.323596531264262764e-02
1.981230448383732717e-02
7.742639040348964219e-02
1.861471861471861167e-01
2.745722244329486597e-02
2.066042733533462669e-02
1.523809523809523808e-02
5.914467697907188626e-02
2.153625269203158707e-02
2.972749793559041967e-02
3.482142857142857262e-02
1.861471861471861167e-01
4.797441364605542491e-02
1.047619047619047644e-01
8.524717789022967507e-02
4.797441364605542491e-02
2.337662337662337053e-02
7.742639040348964219e-02
4.248447204968943541e-02
4.998634252936356298e-02
8.120300751879701295e-02
1.500904159132007420e-01
1.405714285714285416e-01
1.319934818033677570e-01
8.116883116883117852e-03
1.500904159132007420e-01
4.998634252936356298e-02
5.210084033613446991e-02
5.432595573440644754e-02
7.057620184111831896e-02
3.482142857142857262e-02
4.797441364605542491e-02
3.622693096377307270e-02
2.434421588979052836e-02
2.192691029900331601e-01
1.742160278745644511e-02
5.667060212514757334e-02
1.319934818033677570e-01
7.057620184111831896e-02
1.106906338694417929e-01
5.914467697907188626e-02
5.432595573440644754e-02
1.319934818033677570e-01
2.337662337662337053e-02
4.422979156075240725e-02
1.667211507028440454e-02
1.819407008086253510e-02
4.605776736924277470e-02
1.171527434503213116e-01
1.047619047619047644e-01
3.217503217503217550e-02
3.769194974406699788e-02
6.746031746031745657e-02
8.958837772397092170e-02
4.248447204968943541e-02
8.120300751879701295e-02
2.638264608168849196e-02
1.861471861471861167e-01
4.248447204968943541e-02
3.347188798949901622e-02
8.524717789022967507e-02
5.432595573440644754e-02
3.217503217503217550e-02
3.482142857142857262e-02
1.405714285714285416e-01
6.175920149719275193e-02
8.116883116883117852e-03
2.434421588979052836e-02
1.607142857142856707e-01
1.500904159132007420e-01
6.746031746031745657e-02
8.120300751879701295e-02
1.405714285714285416e-01
2.398921832884097771e-01
4.248447204968943541e-02
3.622693096377307270e-02
3.217503217503217550e-02
2.638264608168849196e-02
5.432595573440644754e-02
1.819407008086253510e-02
2.534562211981567295e-02
2.972749793559041967e-02
4.998634252936356298e-02
2.638264608168849196e-02
2.534562211981567295e-02
4.081632653061223470e-02
4.081632653061223470e-02
6.175920149719275193e-02
1.171527434503213116e-01
1.981230448383732717e-02
2.015444015444015913e-01
1.455171334689407160e-02
4.285714285714283811e-01
2.015444015444015913e-01
1.242236024844720205e-01
7.389162561576353982e-02
9.692372524230932415e-03
1.455171334689407160e-02
3.482142857142857262e-02
1.405714285714285416e-01
1.242236024844720205e-01
3.217503217503217550e-02
2.015444015444015913e-01
2.244116037219485299e-02
2.337662337662337053e-02
3.922034704064653737e-02
5.914467697907188626e-02
4.797441364605542491e-02
2.745722244329486597e-02
8.628954937679768344e-03
5.432595573440644754e-02
1.319934818033677570e-01
5.667060212514757334e-02
1.607142857142856707e-01
1.861471861471861167e-01
1.171527434503213116e-01
2.434421588979052836e-02
3.769194974406699788e-02
1.819407008086253510e-02
4.998634252936356298e-02
1.319934818033677570e-01
5.432595573440644754e-02
8.120300751879701295e-02
4.998634252936356298e-02
4.081632653061223470e-02
5.210084033613446991e-02
1.047619047619047644e-01
3.482142857142857262e-02
1.388460351743288877e-02
2.066042733533462669e-02
1.899059024807527724e-02
1.047619047619047644e-01
4.797441364605542491e-02
1.323596531264262764e-02
4.081632653061223470e-02
1.047619047619047644e-01
4.422979156075240725e-02
4.248447204968943541e-02
4.248447204968943541e-02
4.081632653061223470e-02
1.319934818033677570e-01
2.066042733533462669e-02
8.958837772397092170e-02
2.745722244329486597e-02
5.914467697907188626e-02
8.958837772397092170e-02
1.047619047619047644e-01
1.500904159132007420e-01
2.534562211981567295e-02
6.175920149719275193e-02
1.819407008086253510e-02
1.047619047619047644e-01
1.667211507028440454e-02
7.742639040348964219e-02
2.434421588979052836e-02
3.347188798949901622e-02
2.244116037219485299e-02
5.914467697907188626e-02
2.638264608168849196e-02
3.622693096377307270e-02
2.857142857142857054e-02
2.972749793559041967e-02
2.192691029900331601e-01
1.319934818033677570e-01
5.432595573440644754e-02
4.248447204968943541e-02
2.153625269203158707e-02
3.482142857142857262e-02
2.153625269203158707e-02
4.998634252936356298e-02
6.175920149719275193e-02
3.922034704064653737e-02
6.452648475120385807e-02
1.319934818033677570e-01
1.242236024844720205e-01
2.015444015444015913e-01
4.422979156075240725e-02
6.746031746031745657e-02
3.622693096377307270e-02
1.171527434503213116e-01
1.199111769059955403e-02
1.667211507028440454e-02
3.769194974406699788e-02
9.930313588850171735e-02
4.081632653061223470e-02
8.524717789022967507e-02
1.726472579553147146e-01
1.899059024807527724e-02
2.534562211981567295e-02
1.047619047619047644e-01
4.797441364605542491e-02
7.742639040348964219e-02
3.922034704064653737e-02
1.047619047619047644e-01
4.797441364605542491e-02
3.347188798949901622e-02
1.500904159132007420e-01
4.605776736924277470e-02
2.534562211981567295e-02
1.199111769059955403e-02
7.742639040348964219e-02
6.175920149719275193e-02
1.667211507028440454e-02
3.347188798949901622e-02
2.745722244329486597e-02
3.482142857142857262e-02
2.534562211981567295e-02
1.523809523809523808e-02
1.500904159132007420e-01
1.861471861471861167e-01
5.210084033613446991e-02
1.861471861471861167e-01
9.426057813154582743e-02
2.857142857142857054e-02
1.081159002450627141e-02
2.745722244329486597e-02
1.405714285714285416e-01
2.337662337662337053e-02
8.958837772397092170e-02
1.171527434503213116e-01
9.930313588850171735e-02
1.242236024844720205e-01
5.914467697907188626e-02
2.972749793559041967e-02
1.500904159132007420e-01
4.422979156075240725e-02
4.081632653061223470e-02
3.217503217503217550e-02
1.171527434503213116e-01
4.422979156075240725e-02
2.015444015444015913e-01
4.605776736924277470e-02
3.769194974406699788e-02
3.217503217503217550e-02
3.347188798949901622e-02
1.171527434503213116e-01
5.432595573440644754e-02
1.388460351743288877e-02
3.347188798949901622e-02
4.248447204968943541e-02
2.066042733533462669e-02
2.534562211981567295e-02
3.217503217503217550e-02
4.797441364605542491e-02
7.057620184111831896e-02
1.106906338694417929e-01
1.523809523809523808e-02
4.248447204968943541e-02
2.641878669275928848e-01
2.534562211981567295e-02
1.024473534433693878e-02
9.692372524230932415e-03
1.171527434503213116e-01
4.081632653061223470e-02
1.047619047619047644e-01
6.175920149719275193e-02
4.797441364605542491e-02
6.746031746031745657e-02
1.323596531264262764e-02
1.199111769059955403e-02
2.745722244329486597e-02
2.857142857142857054e-02
6.452648475120385807e-02
4.797441364605542491e-02
1.861471861471861167e-01
3.482142857142857262e-02
2.192691029900331601e-01
5.210084033613446991e-02
1.981230448383732717e-02
3.217503217503217550e-02
1.242236024844720205e-01
4.422979156075240725e-02
4.081632653061223470e-02
1.199111769059955403e-02
1.667211507028440454e-02
4.422979156075240725e-02
3.769194974406699788e-02
1.607142857142856707e-01
2.015444015444015913e-01
6.175920149719275193e-02
1.405714285714285416e-01
5.914467697907188626e-02
2.153625269203158707e-02
4.998634252936356298e-02
7.389162561576353982e-02
1.819407008086253510e-02
1.106906338694417929e-01
1.594459655339023826e-02
2.638264608168849196e-02
2.192691029900331601e-01
1.319934818033677570e-01
1.106906338694417929e-01
2.745722244329486597e-02
1.319934818033677570e-01
3.622693096377307270e-02
3.285714285714284588e-01
1.726472579553147146e-01
1.607142857142856707e-01
3.922034704064653737e-02
4.797441364605542491e-02
7.057620184111831896e-02
2.153625269203158707e-02
8.524717789022967507e-02
4.081632653061223470e-02
5.667060212514757334e-02
1.742160278745644511e-02
3.769194974406699788e-02
6.175920149719275193e-02
1.455171334689407160e-02
1.139351446099912471e-02
4.422979156075240725e-02
4.998634252936356298e-02
2.015444015444015913e-01
6.746031746031745657e-02
2.745722244329486597e-02
5.432595573440644754e-02
9.426057813154582743e-02
1.171527434503213116e-01
2.337662337662337053e-02
1.405714285714285416e-01
1.319934818033677570e-01
4.422979156075240725e-02
1.139351446099912471e-02
1.819407008086253510e-02
3.769194974406699788e-02
2.337662337662337053e-02
2.857142857142857054e-02
7.742639040348964219e-02
2.337662337662337053e-02
1.405714285714285416e-01
2.398921832884097771e-01
2.192691029900331601e-01
4.998634252936356298e-02
4.797441364605542491e-02
9.930313588850171735e-02
5.667060212514757334e-02
1.199111769059955403e-02
3.482142857142857262e-02
1.319934818033677570e-01
2.972749793559041967e-02
4.248447204968943541e-02
2.337662337662337053e-02
1.260504201680672128e-02
3.482142857142857262e-02
2.857142857142857054e-02
9.692372524230932415e-03
2.398921832884097771e-01
3.092783505154639290e-02
2.857142857142857054e-02
2.745722244329486597e-02
2.066042733533462669e-02
1.899059024807527724e-02
4.797441364605542491e-02
2.153625269203158707e-02
6.175920149719275193e-02
3.482142857142857262e-02
1.171527434503213116e-01
2.638264608168849196e-02
2.534562211981567295e-02
4.081632653061223470e-02
5.432595573440644754e-02
9.692372524230932415e-03
3.769194974406699788e-02
4.285714285714283811e-01
4.797441364605542491e-02
3.347188798949901622e-02
2.534562211981567295e-02
2.066042733533462669e-02
2.015444015444015913e-01
2.398921832884097771e-01
2.434421588979052836e-02
4.797441364605542491e-02
3.092783505154639290e-02
1.106906338694417929e-01
4.998634252936356298e-02
2.434421588979052836e-02
1.323596531264262764e-02
3.217503217503217550e-02
3.217503217503217550e-02
2.534562211981567295e-02
2.337662337662337053e-02
1.171527434503213116e-01
3.922034704064653737e-02
4.248447204968943541e-02
1.047619047619047644e-01
1.139351446099912471e-02
2.015444015444015913e-01
3.622693096377307270e-02
2.745722244329486597e-02
2.434421588979052836e-02
6.746031746031745657e-02
2.337662337662337053e-02
2.244116037219485299e-02
2.337662337662337053e-02
2.745722244329486597e-02
3.347188798949901622e-02
3.092783505154639290e-02
1.861471861471861167e-01
7.057620184111831896e-02
1.242236024844720205e-01
3.482142857142857262e-02
6.175920149719275193e-02
2.638264608168849196e-02
1.405714285714285416e-01
8.958837772397092170e-02
1.981230448383732717e-02
2.434421588979052836e-02
1.047619047619047644e-01
4.081632653061223470e-02
2.015444015444015913e-01
1.455171334689407160e-02
7.617265802485633300e-03
1.455171334689407160e-02
2.638264608168849196e-02
1.242236024844720205e-01
1.047619047619047644e-01
4.248447204968943541e-02
1.106906338694417929e-01
1.500904159132007420e-01
4.248447204968943541e-02
1.106906338694417929e-01
2.972749793559041967e-02
1.405714285714285416e-01
1.106906338694417929e-01
4.797441364605542491e-02
6.175920149719275193e-02
8.524717789022967507e-02
2.745722244329486597e-02
4.797441364605542491e-02
2.244116037219485299e-02
3.922034704064653737e-02
4.998634252936356298e-02
3.922034704064653737e-02
1.081159002450627141e-02
3.347188798949901622e-02
2.972749793559041967e-02
6.175920149719275193e-02
1.171527434503213116e-01
1.594459655339023826e-02
1.405714285714285416e-01
3.347188798949901622e-02
1.523809523809523808e-02
3.922034704064653737e-02
2.015444015444015913e-01
7.057620184111831896e-02
4.081632653061223470e-02
3.922034704064653737e-02
1.319934818033677570e-01
1.607142857142856707e-01
2.638264608168849196e-02
2.434421588979052836e-02
7.617265802485633300e-03
1.319934818033677570e-01
5.210084033613446991e-02
2.745722244329486597e-02
1.171527434503213116e-01
2.857142857142857054e-02
1.405714285714285416e-01
4.998634252936356298e-02
1.405714285714285416e-01
9.426057813154582743e-02
3.622693096377307270e-02
6.452648475120385807e-02
1.139351446099912471e-02
3.482142857142857262e-02
8.958837772397092170e-02
1.047619047619047644e-01
1.607142857142856707e-01
2.972749793559041967e-02
2.244116037219485299e-02
1.199111769059955403e-02
7.742639040348964219e-02
1.242236024844720205e-01
8.524717789022967507e-02
3.769194974406699788e-02
9.426057813154582743e-02
1.323596531264262764e-02
1.726472579553147146e-01
3.092783505154639290e-02
1.607142857142856707e-01
2.066042733533462669e-02
2.972749793559041967e-02
2.745722244329486597e-02
3.622693096377307270e-02
1.455171334689407160e-02
2.244116037219485299e-02
3.217503217503217550e-02
5.667060212514757334e-02
1.594459655339023826e-02
2.857142857142857054e-02
2.434421588979052836e-02
7.742639040348964219e-02
8.116883116883117852e-03
1.242236024844720205e-01
1.242236024844720205e-01
3.347188798949901622e-02
2.972749793559041967e-02
9.426057813154582743e-02
1.607142857142856707e-01
3.482142857142857262e-02
4.248447204968943541e-02
3.217503217503217550e-02
1.500904159132007420e-01
1.319934818033677570e-01
4.998634252936356298e-02
3.217503217503217550e-02
4.605776736924277470e-02
9.930313588850171735e-02
1.500904159132007420e-01
2.857142857142857054e-02
3.622693096377307270e-02
1.242236024844720205e-01
3.769194974406699788e-02
7.617265802485633300e-03
1.500904159132007420e-01
3.217503217503217550e-02
1.242236024844720205e-01
1.242236024844720205e-01
5.667060212514757334e-02
8.120300751879701295e-02
1.319934818033677570e-01
1.081159002450627141e-02
5.914467697907188626e-02
6.175920149719275193e-02
2.398921832884097771e-01
5.667060212514757334e-02
5.210084033613446991e-02
2.434421588979052836e-02
4.797441364605542491e-02
5.667060212514757334e-02
1.819407008086253510e-02
9.426057813154582743e-02
1.981230448383732717e-02
3.769194974406699788e-02
3.217503217503217550e-02
7.389162561576353982e-02
4.998634252936356298e-02
2.641878669275928848e-01
9.153952843273232415e-03
1.500904159132007420e-01
4.248447204968943541e-02
8.958837772397092170e-02
1.607142857142856707e-01
3.922034704064653737e-02
2.066042733533462669e-02
1.106906338694417929e-01
1.260504201680672128e-02
2.745722244329486597e-02
1.981230448383732717e-02
1.260504201680672128e-02
6.452648475120385807e-02
5.667060212514757334e-02
1.500904159132007420e-01
3.482142857142857262e-02
2.745722244329486597e-02
1.405714285714285416e-01
1.500904159132007420e-01
4.605776736924277470e-02
1.742160278745644511e-02
3.622693096377307270e-02
1.607142857142856707e-01
4.081632653061223470e-02
4.422979156075240725e-02
1.861471861471861167e-01
1.405714285714285416e-01
2.434421588979052836e-02
1.899059024807527724e-02
5.210084033613446991e-02
1.199111769059955403e-02
2.192691029900331601e-01
5.432595573440644754e-02
5.432595573440644754e-02
2.015444015444015913e-01
2.745722244329486597e-02
5.914467697907188626e-02
3.217503217503217550e-02
3.769194974406699788e-02
1.319934818033677570e-01
3.482142857142857262e-02
7.389162561576353982e-02
1.607142857142856707e-01
1.106906338694417929e-01
2.337662337662337053e-02
3.724966622162885210e-01
6.746031746031745657e-02
2.434421588979052836e-02
5.432595573440644754e-02
4.081632653061223470e-02
3.724966622162885210e-01
1.607142857142856707e-01
9.426057813154582743e-02
3.092783505154639290e-02
2.153625269203158707e-02
4.248447204968943541e-02
1.260504201680672128e-02
4.248447204968943541e-02
4.797441364605542491e-02
1.819407008086253510e-02
2.398921832884097771e-01
3.347188798949901622e-02
5.667060212514757334e-02
1.319934818033677570e-01
1.405714285714285416e-01
9.426057813154582743e-02
1.106906338694417929e-01
5.210084033613446991e-02
9.153952843273232415e-03
1.500904159132007420e-01
3.622693096377307270e-02
4.797441364605542491e-02
7.057620184111831896e-02
3.622693096377307270e-02
2.434421588979052836e-02
1.047619047619047644e-01
2.972749793559041967e-02
1.607142857142856707e-01
9.426057813154582743e-02
1.319934818033677570e-01
3.922034704064653737e-02
2.745722244329486597e-02
1.106906338694417929e-01
2.638264608168849196e-02
8.524717789022967507e-02
2.337662337662337053e-02
5.667060212514757334e-02
2.745722244329486597e-02
3.922034704064653737e-02
3.482142857142857262e-02
3.217503217503217550e-02
2.434421588979052836e-02
8.120300751879701295e-02
2.638264608168849196e-02
2.641878669275928848e-01
7.742639040348964219e-02
1.047619047619047644e-01
2.972749793559041967e-02
4.605776736924277470e-02
5.432595573440644754e-02
2.153625269203158707e-02
1.405714285714285416e-01
1.819407008086253510e-02
1.047619047619047644e-01
2.745722244329486597e-02
3.217503217503217550e-02
6.452648475120385807e-02
8.628954937679768344e-03
1.405714285714285416e-01
1.242236024844720205e-01
5.667060212514757334e-02
4.248447204968943541e-02
6.175920149719275193e-02
5.667060212514757334e-02
1.106906338694417929e-01
9.930313588850171735e-02
3.922034704064653737e-02
1.171527434503213116e-01
4.797441364605542491e-02
7.742639040348964219e-02
1.981230448383732717e-02
2.337662337662337053e-02
1.594459655339023826e-02
3.922034704064653737e-02
3.769194974406699788e-02
3.769194974406699788e-02
5.432595573440644754e-02
1.899059024807527724e-02
2.434421588979052836e-02
6.452648475120385807e-02
1.594459655339023826e-02
5.914467697907188626e-02
2.337662337662337053e-02
2.337662337662337053e-02
2.745722244329486597e-02
1.139351446099912471e-02
2.153625269203158707e-02
4.998634252936356298e-02
9.426057813154582743e-02
5.210084033613446991e-02
6.746031746031745657e-02
4.422979156075240725e-02
2.192691029900331601e-01
4.998634252936356298e-02
8.120300751879701295e-02
1.242236024844720205e-01
1.242236024844720205e-01
8.120300751879701295e-02
7.742639040348964219e-02
1.242236024844720205e-01
1.455171334689407160e-02
1.405714285714285416e-01
1.405714285714285416e-01
1.861471861471861167e-01
2.745722244329486597e-02
4.422979156075240725e-02
7.389162561576353982e-02
1.500904159132007420e-01
3.922034704064653737e-02
2.972749793559041967e-02
6.175920149719275193e-02
5.210084033613446991e-02
6.452648475120385807e-02
3.217503217503217550e-02
3.217503217503217550e-02
5.210084033613446991e-02
5.210084033613446991e-02
3.482142857142857262e-02
5.432595573440644754e-02
6.746031746031745657e-02
1.323596531264262764e-02
1.899059024807527724e-02
3.482142857142857262e-02
2.972749793559041967e-02
5.667060212514757334e-02
5.210084033613446991e-02
5.432595573440644754e-02
5.734675672231425748e-03
2.857142857142857054e-02
6.175920149719275193e-02
2.857142857142857054e-02
3.622693096377307270e-02
2.244116037219485299e-02
8.958837772397092170e-02
3.769194974406699788e-02
1.981230448383732717e-02
1.899059024807527724e-02
2.932330827067670120e-01
1.667211507028440454e-02
1.081159002450627141e-02
4.998634252936356298e-02
1.455171334689407160e-02
1.319934818033677570e-01
2.857142857142857054e-02
1.455171334689407160e-02
1.242236024844720205e-01
1.594459655339023826e-02
8.120300751879701295e-02
1.106906338694417929e-01
1.047619047619047644e-01
1.500904159132007420e-01
2.972749793559041967e-02
5.210084033613446991e-02
8.958837772397092170e-02
2.434421588979052836e-02
2.638264608168849196e-02
1.199111769059955403e-02
6.746031746031745657e-02
3.769194974406699788e-02
5.210084033613446991e-02
6.175920149719275193e-02
2.153625269203158707e-02
5.210084033613446991e-02
1.242236024844720205e-01
7.742639040348964219e-02
5.914467697907188626e-02
6.746031746031745657e-02
1.405714285714285416e-01
1.819407008086253510e-02
5.432595573440644754e-02
5.914467697907188626e-02
4.081632653061223470e-02
3.922034704064653737e-02
3.922034704064653737e-02
1.242236024844720205e-01
6.452648475120385807e-02
2.972749793559041967e-02
5.210084033613446991e-02
1.024473534433693878e-02
3.092783505154639290e-02
1.323596531264262764e-02
1.607142857142856707e-01
3.622693096377307270e-02
3.482142857142857262e-02
1.742160278745644511e-02
4.605776736924277470e-02
2.244116037219485299e-02
1.260504201680672128e-02
1.242236024844720205e-01
1.323596531264262764e-02
4.797441364605542491e-02
2.398921832884097771e-01
3.217503217503217550e-02
1.742160278745644511e-02
4.605776736924277470e-02
4.605776736924277470e-02
7.057620184111831896e-02
1.319934818033677570e-01
4.248447204968943541e-02
4.998634252936356298e-02
1.726472579553147146e-01
5.667060212514757334e-02
3.217503217503217550e-02
4.605776736924277470e-02
2.244116037219485299e-02
7.742639040348964219e-02
2.066042733533462669e-02
1.081159002450627141e-02
1.081159002450627141e-02
2.244116037219485299e-02
1.047619047619047644e-01
1.726472579553147146e-01
4.081632653061223470e-02
4.998634252936356298e-02
4.998634252936356298e-02
1.500904159132007420e-01
1.523809523809523808e-02
2.244116037219485299e-02
2.972749793559041967e-02
2.434421588979052836e-02
5.432595573440644754e-02
2.534562211981567295e-02
3.092783505154639290e-02
5.914467697907188626e-02
2.745722244329486597e-02
5.432595573440644754e-02
5.432595573440644754e-02
8.958837772397092170e-02
8.524717789022967507e-02
3.622693096377307270e-02
1.319934818033677570e-01
4.605776736924277470e-02
9.426057813154582743e-02
5.914467697907188626e-02
2.972749793559041967e-02
4.081632653061223470e-02
3.922034704064653737e-02
2.857142857142857054e-02
4.081632653061223470e-02
1.405714285714285416e-01
3.769194974406699788e-02
6.746031746031745657e-02
2.745722244329486597e-02
1.607142857142856707e-01
4.605776736924277470e-02
5.667060212514757334e-02
1.319934818033677570e-01
2.534562211981567295e-02
3.922034704064653737e-02
8.524717789022967507e-02
1.405714285714285416e-01
5.432595573440644754e-02
1.260504201680672128e-02
1.726472579553147146e-01
3.922034704064653737e-02
1.819407008086253510e-02
1.726472579553147146e-01
4.605776736924277470e-02
4.248447204968943541e-02
3.217503217503217550e-02
3.482142857142857262e-02
2.192691029900331601e-01
4.998634252936356298e-02
5.914467697907188626e-02
4.081632653061223470e-02
9.426057813154582743e-02
6.452648475120385807e-02
9.153952843273232415e-03
1.319934818033677570e-01
5.432595573440644754e-02
6.452648475120385807e-02
1.819407008086253510e-02
2.857142857142857054e-02
3.622693096377307270e-02
4.998634252936356298e-02
2.857142857142857054e-02
8.524717789022967507e-02
1.523809523809523808e-02
3.622693096377307270e-02
2.932330827067670120e-01
3.922034704064653737e-02
2.153625269203158707e-02
3.482142857142857262e-02
2.857142857142857054e-02
1.323596531264262764e-02
2.534562211981567295e-02
9.930313588850171735e-02
3.922034704064653737e-02
4.081632653061223470e-02
1.319934818033677570e-01
1.106906338694417929e-01
2.337662337662337053e-02
1.405714285714285416e-01
2.638264608168849196e-02
3.482142857142857262e-02
4.797441364605542491e-02
1.242236024844720205e-01
2.534562211981567295e-02
7.742639040348964219e-02
4.081632653061223470e-02
4.248447204968943541e-02
3.217503217503217550e-02
2.857142857142857054e-02
1.106906338694417929e-01
5.667060212514757334e-02
2.398921832884097771e-01
1.667211507028440454e-02
9.930313588850171735e-02
2.192691029900331601e-01
2.398921832884097771e-01
6.175920149719275193e-02
8.958837772397092170e-02
1.607142857142856707e-01
2.534562211981567295e-02
8.116883116883117852e-03
8.958837772397092170e-02
4.422979156075240725e-02
5.432595573440644754e-02
2.398921832884097771e-01
7.742639040348964219e-02
2.337662337662337053e-02
2.337662337662337053e-02
2.066042733533462669e-02
3.217503217503217550e-02
6.746031746031745657e-02
1.319934818033677570e-01
1.899059024807527724e-02
4.605776736924277470e-02
1.106906338694417929e-01
3.769194974406699788e-02
2.638264608168849196e-02
1.607142857142856707e-01
1.899059024807527724e-02
4.422979156075240725e-02
4.422979156075240725e-02
5.914467697907188626e-02
3.482142857142857262e-02
1.594459655339023826e-02
2.398921832884097771e-01
2.857142857142857054e-02
3.769194974406699788e-02
1.500904159132007420e-01
4.081632653061223470e-02
1.319934818033677570e-01
9.153952843273232415e-03
6.746031746031745657e-02
1.726472579553147146e-01
1.607142857142856707e-01
1.726472579553147146e-01
2.972749793559041967e-02
4.998634252936356298e-02
2.972749793559041967e-02
2.972749793559041967e-02
4.081632653061223470e-02
2.066042733533462669e-02
8.120300751879701295e-02
1.607142857142856707e-01
1.607142857142856707e-01
4.797441364605542491e-02
2.641878669275928848e-01
1.607142857142856707e-01
5.210084033613446991e-02
3.482142857142857262e-02
5.667060212514757334e-02
2.192691029900331601e-01
3.622693096377307270e-02
6.175920149719275193e-02
3.622693096377307270e-02
3.217503217503217550e-02
5.210084033613446991e-02
5.210084033613446991e-02
2.244116037219485299e-02
8.524717789022967507e-02
2.745722244329486597e-02
3.217503217503217550e-02
1.500904159132007420e-01
2.066042733533462669e-02
1.171527434503213116e-01
2.857142857142857054e-02
3.347188798949901622e-02
4.081632653061223470e-02
2.745722244329486597e-02
1.242236024844720205e-01
2.066042733533462669e-02
7.057620184111831896e-02
3.482142857142857262e-02
4.797441364605542491e-02
3.092783505154639290e-02
2.244116037219485299e-02
1.319934818033677570e-01
1.726472579553147146e-01
5.210084033613446991e-02
8.958837772397092170e-02
3.347188798949901622e-02
2.244116037219485299e-02
2.857142857142857054e-02
1.047619047619047644e-01
1.171527434503213116e-01
1.819407008086253510e-02
2.972749793559041967e-02
1.171527434503213116e-01
9.930313588850171735e-02
1.726472579553147146e-01
2.972749793559041967e-02
6.746031746031745657e-02
5.914467697907188626e-02
2.745722244329486597e-02
2.015444015444015913e-01
1.388460351743288877e-02
3.217503217503217550e-02
2.398921832884097771e-01
2.638264608168849196e-02
3.769194974406699788e-02
1.861471861471861167e-01
7.742639040348964219e-02
4.248447204968943541e-02
1.500904159132007420e-01
1.726472579553147146e-01
2.857142857142857054e-02
3.347188798949901622e-02
2.244116037219485299e-02
4.081632653061223470e-02
1.242236024844720205e-01
1.523809523809523808e-02
9.692372524230932415e-03
2.534562211981567295e-02
4.605776736924277470e-02
3.622693096377307270e-02
1.405714285714285416e-01
1.667211507028440454e-02
1.260504201680672128e-02
8.120300751879701295e-02
2.153625269203158707e-02
1.726472579553147146e-01
1.242236024844720205e-01
2.153625269203158707e-02
1.242236024844720205e-01
1.405714285714285416e-01
1.047619047619047644e-01
1.523809523809523808e-02
8.628954937679768344e-03
3.482142857142857262e-02
5.667060212514757334e-02
4.605776736924277470e-02
6.746031746031745657e-02
5.210084033613446991e-02
8.958837772397092170e-02
1.523809523809523808e-02
6.746031746031745657e-02
5.210084033613446991e-02
5.210084033613446991e-02
4.605776736924277470e-02
2.932330827067670120e-01
9.426057813154582743e-02
7.389162561576353982e-02
4.081632653061223470e-02
1.667211507028440454e-02
2.857142857142857054e-02
1.106906338694417929e-01
2.015444015444015913e-01
1.726472579553147146e-01
4.998634252936356298e-02
5.914467697907188626e-02
3.482142857142857262e-02
4.998634252936356298e-02
2.534562211981567295e-02
2.972749793559041967e-02
2.434421588979052836e-02
3.769194974406699788e-02
5.667060212514757334e-02
1.742160278745644511e-02
7.057620184111831896e-02
4.797441364605542491e-02
4.422979156075240725e-02
1.899059024807527724e-02
8.524717789022967507e-02
6.746031746031745657e-02
1.319934818033677570e-01
3.482142857142857262e-02
6.175920149719275193e-02
5.667060212514757334e-02
4.081632653061223470e-02
1.500904159132007420e-01
1.242236024844720205e-01
4.081632653061223470e-02
2.192691029900331601e-01
9.426057813154582743e-02
3.482142857142857262e-02
1.139351446099912471e-02
4.248447204968943541e-02
4.422979156075240725e-02
1.667211507028440454e-02
2.244116037219485299e-02
1.500904159132007420e-01
1.742160278745644511e-02
3.922034704064653737e-02
2.153625269203158707e-02
4.248447204968943541e-02
1.405714285714285416e-01
2.972749793559041967e-02
1.742160278745644511e-02
7.057620184111831896e-02
3.347188798949901622e-02
6.175920149719275193e-02
1.081159002450627141e-02
1.726472579553147146e-01
2.066042733533462669e-02
7.742639040348964219e-02
1.323596531264262764e-02
4.422979156075240725e-02
2.972749793559041967e-02
4.422979156075240725e-02
5.432595573440644754e-02
1.047619047619047644e-01
2.398921832884097771e-01
2.337662337662337053e-02
7.057620184111831896e-02
3.482142857142857262e-02
2.066042733533462669e-02
5.914467697907188626e-02
1.047619047619047644e-01
5.432595573440644754e-02
1.607142857142856707e-01
2.857142857142857054e-02
7.742639040348964219e-02
7.389162561576353982e-02
4.422979156075240725e-02
2.244116037219485299e-02
8.958837772397092170e-02
5.210084033613446991e-02
8.958837772397092170e-02
2.398921832884097771e-01
2.066042733533462669e-02
1.405714285714285416e-01
1.899059024807527724e-02
3.769194974406699788e-02
2.015444015444015913e-01
2.337662337662337053e-02
1.106906338694417929e-01
3.769194974406699788e-02
1.047619047619047644e-01
4.248447204968943541e-02
1.171527434503213116e-01
3.347188798949901622e-02
1.405714285714285416e-01
2.534562211981567295e-02
3.347188798949901622e-02
4.605776736924277470e-02
5.667060212514757334e-02
2.638264608168849196e-02
6.175920149719275193e-02
8.120300751879701295e-02
2.434421588979052836e-02
2.972749793559041967e-02
2.337662337662337053e-02
1.319934818033677570e-01
5.432595573440644754e-02
1.242236024844720205e-01
1.455171334689407160e-02
3.622693096377307270e-02
1.106906338694417929e-01
3.622693096377307270e-02
4.248447204968943541e-02
2.153625269203158707e-02
4.605776736924277470e-02
1.171527434503213116e-01
6.175920149719275193e-02
3.922034704064653737e-02
1.323596531264262764e-02
3.092783505154639290e-02
1.171527434503213116e-01
1.607142857142856707e-01
3.769194974406699788e-02
8.958837772397092170e-02
7.389162561576353982e-02
3.482142857142857262e-02
1.899059024807527724e-02
2.337662337662337053e-02
3.217503217503217550e-02
2.641878669275928848e-01
8.120300751879701295e-02
7.057620184111831896e-02
2.534562211981567295e-02
1.500904159132007420e-01
1.171527434503213116e-01
1.242236024844720205e-01
5.667060212514757334e-02
3.217503217503217550e-02
1.047619047619047644e-01
2.638264608168849196e-02
2.398921832884097771e-01
4.422979156075240725e-02
9.426057813154582743e-02
5.667060212514757334e-02
5.914467697907188626e-02
2.434421588979052836e-02
1.319934818033677570e-01
1.319934818033677570e-01
2.745722244329486597e-02
1.607142857142856707e-01
1.242236024844720205e-01
4.605776736924277470e-02
4.797441364605542491e-02
1.081159002450627141e-02
3.482142857142857262e-02
4.248447204968943541e-02
3.217503217503217550e-02
4.605776736924277470e-02
1.081159002450627141e-02
2.066042733533462669e-02
1.405714285714285416e-01
1.319934818033677570e-01
7.389162561576353982e-02
3.217503217503217550e-02
1.319934818033677570e-01
1.500904159132007420e-01
1.742160278745644511e-02
4.797441364605542491e-02
1.171527434503213116e-01
2.337662337662337053e-02
6.452648475120385807e-02
2.745722244329486597e-02
4.998634252936356298e-02
2.641878669275928848e-01
2.638264608168849196e-02
7.742639040348964219e-02
1.323596531264262764e-02
2.972749793559041967e-02
9.426057813154582743e-02
1.139351446099912471e-02
4.998634252936356298e-02
5.432595573440644754e-02
4.797441364605542491e-02
6.452648475120385807e-02
1.819407008086253510e-02
1.500904159132007420e-01
1.024473534433693878e-02
1.405714285714285416e-01
4.248447204968943541e-02
1.081159002450627141e-02
1.607142857142856707e-01
4.422979156075240725e-02
7.742639040348964219e-02
1.405714285714285416e-01
1.047619047619047644e-01
4.422979156075240725e-02
1.405714285714285416e-01
4.797441364605542491e-02
1.242236024844720205e-01
1.260504201680672128e-02
2.434421588979052836e-02
8.120300751879701295e-02
5.667060212514757334e-02
3.922034704064653737e-02
3.347188798949901622e-02
6.452648475120385807e-02
5.667060212514757334e-02
1.405714285714285416e-01
3.347188798949901622e-02
3.769194974406699788e-02
7.057620184111831896e-02
6.175920149719275193e-02
1.861471861471861167e-01
5.432595573440644754e-02
4.248447204968943541e-02
1.319934818033677570e-01
1.726472579553147146e-01
1.899059024807527724e-02
1.242236024844720205e-01
1.523809523809523808e-02
1.500904159132007420e-01
5.667060212514757334e-02
1.405714285714285416e-01
1.607142857142856707e-01
1.405714285714285416e-01
4.605776736924277470e-02
7.389162561576353982e-02
7.389162561576353982e-02
8.120300751879701295e-02
3.622693096377307270e-02
6.746031746031745657e-02
1.607142857142856707e-01
4.998634252936356298e-02
3.622693096377307270e-02
1.319934818033677570e-01
3.922034704064653737e-02
3.922034704064653737e-02
1.319934818033677570e-01
2.015444015444015913e-01
1.861471861471861167e-01
3.482142857142857262e-02
3.347188798949901622e-02
2.534562211981567295e-02
7.617265802485633300e-03
5.210084033613446991e-02
1.607142857142856707e-01
4.797441364605542491e-02
4.422979156075240725e-02
6.746031746031745657e-02
5.210084033613446991e-02
7.742639040348964219e-02
2.638264608168849196e-02
1.319934818033677570e-01
3.347188798949901622e-02
1.500904159132007420e-01
3.622693096377307270e-02
1.024473534433693878e-02
1.171527434503213116e-01
2.534562211981567295e-02
1.081159002450627141e-02
1.139351446099912471e-02
9.930313588850171735e-02
1.594459655339023826e-02
3.482142857142857262e-02
3.217503217503217550e-02
5.432595573440644754e-02
4.422979156075240725e-02
8.120300751879701295e-02
5.432595573440644754e-02
4.998634252936356298e-02
4.081632653061223470e-02
3.622693096377307270e-02
1.242236024844720205e-01
1.171527434503213116e-01
8.958837772397092170e-02
3.347188798949901622e-02
5.667060212514757334e-02
3.769194974406699788e-02
1.607142857142856707e-01
7.129654079746501963e-03
9.153952843273232415e-03
3.922034704064653737e-02
1.388460351743288877e-02
2.857142857142857054e-02
3.092783505154639290e-02
1.523809523809523808e-02
3.482142857142857262e-02
8.958837772397092170e-02
5.432595573440644754e-02
3.092783505154639290e-02
6.746031746031745657e-02
1.819407008086253510e-02
1.319934818033677570e-01
3.482142857142857262e-02
1.899059024807527724e-02
4.248447204968943541e-02
5.667060212514757334e-02
3.217503217503217550e-02
3.482142857142857262e-02
1.242236024844720205e-01
7.389162561576353982e-02
8.116883116883117852e-03
1.171527434503213116e-01
3.092783505154639290e-02
1.981230448383732717e-02
4.081632653061223470e-02
2.153625269203158707e-02
5.210084033613446991e-02
1.667211507028440454e-02
1.726472579553147146e-01
7.742639040348964219e-02
5.667060212514757334e-02
1.405714285714285416e-01
1.500904159132007420e-01
2.244116037219485299e-02
3.347188798949901622e-02
6.452648475120385807e-02
1.726472579553147146e-01
2.534562211981567295e-02
3.922034704064653737e-02
2.641878669275928848e-01
4.797441364605542491e-02
3.922034704064653737e-02
7.617265802485633300e-03
2.244116037219485299e-02
8.120300751879701295e-02
4.998634252936356298e-02
7.057620184111831896e-02
3.482142857142857262e-02
1.047619047619047644e-01
1.726472579553147146e-01
4.605776736924277470e-02
1.106906338694417929e-01
1.106906338694417929e-01
1.139351446099912471e-02
5.432595573440644754e-02
2.244116037219485299e-02
1.260504201680672128e-02
2.153625269203158707e-02
4.081632653061223470e-02
3.347188798949901622e-02
7.742639040348964219e-02
3.622693096377307270e-02
2.066042733533462669e-02
1.242236024844720205e-01
2.066042733533462669e-02
3.922034704064653737e-02
5.432595573440644754e-02
2.192691029900331601e-01
4.605776736924277470e-02
3.482142857142857262e-02
3.092783505154639290e-02
4.081632653061223470e-02
1.242236024844720205e-01
7.057620184111831896e-02
2.015444015444015913e-01
1.242236024844720205e-01
1.388460351743288877e-02
7.057620184111831896e-02
4.248447204968943541e-02
4.248447204968943541e-02
9.426057813154582743e-02
5.210084033613446991e-02
1.726472579553147146e-01
5.210084033613446991e-02
1.819407008086253510e-02
2.534562211981567295e-02
9.426057813154582743e-02
4.797441364605542491e-02
8.120300751879701295e-02
3.622693096377307270e-02
1.981230448383732717e-02
2.015444015444015913e-01
3.769194974406699788e-02
2.972749793559041967e-02
1.171527434503213116e-01
4.081632653061223470e-02
3.092783505154639290e-02
2.857142857142857054e-02
1.319934818033677570e-01
2.153625269203158707e-02
1.899059024807527724e-02
3.347188798949901622e-02
4.248447204968943541e-02
1.319934818033677570e-01
1.405714285714285416e-01
7.057620184111831896e-02
2.066042733533462669e-02
1.861471861471861167e-01
3.092783505154639290e-02
5.667060212514757334e-02
2.745722244329486597e-02
5.210084033613446991e-02
4.797441364605542491e-02
3.217503217503217550e-02
1.106906338694417929e-01
7.057620184111831896e-02
4.797441364605542491e-02
3.217503217503217550e-02
1.242236024844720205e-01
3.622693096377307270e-02
1.405714285714285416e-01
5.914467697907188626e-02
4.998634252936356298e-02
1.607142857142856707e-01
2.434421588979052836e-02
4.422979156075240725e-02
1.607142857142856707e-01
1.594459655339023826e-02
2.857142857142857054e-02
1.319934818033677570e-01
2.745722244329486597e-02
4.081632653061223470e-02
1.405714285714285416e-01
1.981230448383732717e-02
3.217503217503217550e-02
6.746031746031745657e-02
3.217503217503217550e-02
3.092783505154639290e-02
1.388460351743288877e-02
4.797441364605542491e-02
4.422979156075240725e-02
4.422979156075240725e-02
1.819407008086253510e-02
1.047619047619047644e-01
1.667211507028440454e-02
4.998634252936356298e-02
4.422979156075240725e-02
5.432595573440644754e-02
2.192691029900331601e-01
9.153952843273232415e-03
2.932330827067670120e-01
1.405714285714285416e-01
9.426057813154582743e-02
2.638264608168849196e-02
2.972749793559041967e-02
3.092783505154639290e-02
6.452648475120385807e-02
2.434421588979052836e-02
3.622693096377307270e-02
3.922034704064653737e-02
2.641878669275928848e-01
2.534562211981567295e-02
1.047619047619047644e-01
1.455171334689407160e-02
3.922034704064653737e-02
4.422979156075240725e-02
4.797441364605542491e-02
2.857142857142857054e-02
2.066042733533462669e-02
8.524717789022967507e-02
4.248447204968943541e-02
4.797441364605542491e-02
1.323596531264262764e-02
3.347188798949901622e-02
4.797441364605542491e-02
1.405714285714285416e-01
4.797441364605542491e-02
3.622693096377307270e-02
1.819407008086253510e-02
2.015444015444015913e-01
6.452648475120385807e-02
9.153952843273232415e-03
8.120300751879701295e-02
4.081632653061223470e-02
4.797441364605542491e-02
1.667211507028440454e-02
2.153625269203158707e-02
2.857142857142857054e-02
1.667211507028440454e-02
3.769194974406699788e-02
4.081632653061223470e-02
2.857142857142857054e-02
5.432595573440644754e-02
5.210084033613446991e-02
1.726472579553147146e-01
1.861471861471861167e-01
1.047619047619047644e-01
3.482142857142857262e-02
4.422979156075240725e-02
2.972749793559041967e-02
1.981230448383732717e-02
1.899059024807527724e-02
1.981230448383732717e-02
4.422979156075240725e-02
4.422979156075240725e-02
1.455171334689407160e-02
5.667060212514757334e-02
1.260504201680672128e-02
1.861471861471861167e-01
9.692372524230932415e-03
1.742160278745644511e-02
4.422979156075240725e-02
2.015444015444015913e-01
3.092783505154639290e-02
2.857142857142857054e-02
2.641878669275928848e-01
1.405714285714285416e-01
4.422979156075240725e-02
4.422979156075240725e-02
2.745722244329486597e-02
9.426057813154582743e-02
2.434421588979052836e-02
1.819407008086253510e-02
8.120300751879701295e-02
1.500904159132007420e-01
2.534562211981567295e-02
5.432595573440644754e-02
3.922034704064653737e-02
2.972749793559041967e-02
7.742639040348964219e-02
1.405714285714285416e-01
1.024473534433693878e-02
1.607142857142856707e-01
6.175920149719275193e-02
1.523809523809523808e-02
1.861471861471861167e-01
4.248447204968943541e-02
1.523809523809523808e-02
1.742160278745644511e-02
5.667060212514757334e-02
3.922034704064653737e-02
4.605776736924277470e-02
4.422979156075240725e-02
1.260504201680672128e-02
3.092783505154639290e-02
8.120300751879701295e-02
4.797441364605542491e-02
2.641878669275928848e-01
4.081632653061223470e-02
2.066042733533462669e-02
1.861471861471861167e-01
4.422979156075240725e-02
6.452648475120385807e-02
2.745722244329486597e-02
1.171527434503213116e-01
5.914467697907188626e-02
1.024473534433693878e-02
6.452648475120385807e-02
1.388460351743288877e-02
5.914467697907188626e-02
5.432595573440644754e-02
6.746031746031745657e-02
1.139351446099912471e-02
1.319934818033677570e-01
5.914467697907188626e-02
2.857142857142857054e-02
3.482142857142857262e-02
4.998634252936356298e-02
1.455171334689407160e-02
1.523809523809523808e-02
6.746031746031745657e-02
1.981230448383732717e-02
2.153625269203158707e-02
2.534562211981567295e-02
2.745722244329486597e-02
3.347188798949901622e-02
2.244116037219485299e-02
1.388460351743288877e-02
2.534562211981567295e-02
2.857142857142857054e-02
2.337662337662337053e-02
2.638264608168849196e-02
1.139351446099912471e-02
1.242236024844720205e-01
2.534562211981567295e-02
2.534562211981567295e-02
4.998634252936356298e-02
1.455171334689407160e-02
2.972749793559041967e-02
3.482142857142857262e-02
4.605776736924277470e-02
4.797441364605542491e-02
3.922034704064653737e-02
4.248447204968943541e-02
3.347188798949901622e-02
1.405714285714285416e-01
1.199111769059955403e-02
3.347188798949901622e-02
1.523809523809523808e-02
2.015444015444015913e-01
2.434421588979052836e-02
3.217503217503217550e-02
4.081632653061223470e-02
2.745722244329486597e-02
9.930313588850171735e-02
1.242236024844720205e-01
4.605776736924277470e-02
3.769194974406699788e-02
1.981230448383732717e-02
3.922034704064653737e-02
1.726472579553147146e-01
2.932330827067670120e-01
1.319934818033677570e-01
8.524717789022967507e-02
3.347188798949901622e-02
3.347188798949901622e-02
3.347188798949901622e-02
7.057620184111831896e-02
1.819407008086253510e-02
4.422979156075240725e-02
5.914467697907188626e-02
1.981230448383732717e-02
1.607142857142856707e-01
3.922034704064653737e-02
1.607142857142856707e-01
2.641878669275928848e-01
5.210084033613446991e-02
2.745722244329486597e-02
1.500904159132007420e-01
6.746031746031745657e-02
7.057620184111831896e-02
6.746031746031745657e-02
2.434421588979052836e-02
1.171527434503213116e-01
7.057620184111831896e-02
1.171527434503213116e-01
4.797441364605542491e-02
2.153625269203158707e-02
1.455171334689407160e-02
2.153625269203158707e-02
6.452648475120385807e-02
1.171527434503213116e-01
2.932330827067670120e-01
7.742639040348964219e-02
7.389162561576353982e-02
1.319934818033677570e-01
1.139351446099912471e-02
3.769194974406699788e-02
5.210084033613446991e-02
4.248447204968943541e-02
1.081159002450627141e-02
4.422979156075240725e-02
4.998634252936356298e-02
4.422979156075240725e-02
2.932330827067670120e-01
3.769194974406699788e-02
4.605776736924277470e-02
8.958837772397092170e-02
1.500904159132007420e-01
1.594459655339023826e-02
3.622693096377307270e-02
4.248447204968943541e-02
1.405714285714285416e-01
4.081632653061223470e-02
2.434421588979052836e-02
4.081632653061223470e-02
7.617265802485633300e-03
5.432595573440644754e-02
2.534562211981567295e-02
2.434421588979052836e-02
1.405714285714285416e-01
1.981230448383732717e-02
4.081632653061223470e-02
3.092783505154639290e-02
1.319934818033677570e-01
6.746031746031745657e-02
2.015444015444015913e-01
3.922034704064653737e-02
5.914467697907188626e-02
1.742160278745644511e-02
1.323596531264262764e-02
2.244116037219485299e-02
2.066042733533462669e-02
5.210084033613446991e-02
1.455171334689407160e-02
4.605776736924277470e-02
1.667211507028440454e-02
1.594459655339023826e-02
1.106906338694417929e-01
1.319934818033677570e-01
4.248447204968943541e-02
2.015444015444015913e-01
3.922034704064653737e-02
1.594459655339023826e-02
4.248447204968943541e-02
2.534562211981567295e-02
1.726472579553147146e-01
2.857142857142857054e-02
2.015444015444015913e-01
2.972749793559041967e-02
1.500904159132007420e-01
7.057620184111831896e-02
3.769194974406699788e-02
1.899059024807527724e-02
3.482142857142857262e-02
5.432595573440644754e-02
3.092783505154639290e-02
1.726472579553147146e-01
3.092783505154639290e-02
4.797441364605542491e-02
4.081632653061223470e-02
1.607142857142856707e-01
4.605776736924277470e-02
2.153625269203158707e-02
7.057620184111831896e-02
1.405714285714285416e-01
3.217503217503217550e-02
8.958837772397092170e-02
1.455171334689407160e-02
4.998634252936356298e-02
5.210084033613446991e-02
2.857142857142857054e-02
4.605776736924277470e-02
3.482142857142857262e-02
6.452648475120385807e-02
4.248447204968943541e-02
6.746031746031745657e-02
7.389162561576353982e-02
3.347188798949901622e-02
3.622693096377307270e-02
1.106906338694417929e-01
1.899059024807527724e-02
4.422979156075240725e-02
3.092783505154639290e-02
3.482142857142857262e-02
1.139351446099912471e-02
1.106906338694417929e-01
3.922034704064653737e-02
1.405714285714285416e-01
7.057620184111831896e-02
3.482142857142857262e-02
1.726472579553147146e-01
1.607142857142856707e-01
3.622693096377307270e-02
4.248447204968943541e-02
2.534562211981567295e-02
1.594459655339023826e-02
1.594459655339023826e-02
4.081632653061223470e-02
2.015444015444015913e-01
8.958837772397092170e-02
1.523809523809523808e-02
5.432595573440644754e-02
1.726472579553147146e-01
1.388460351743288877e-02
2.015444015444015913e-01
7.389162561576353982e-02
4.081632653061223470e-02
1.819407008086253510e-02
1.047619047619047644e-01
1.388460351743288877e-02
1.861471861471861167e-01
3.622693096377307270e-02
4.797441364605542491e-02
1.388460351743288877e-02
2.015444015444015913e-01
3.922034704064653737e-02
1.047619047619047644e-01
4.797441364605542491e-02
3.922034704064653737e-02
1.405714285714285416e-01
3.217503217503217550e-02
1.405714285714285416e-01
4.248447204968943541e-02
7.742639040348964219e-02
3.922034704064653737e-02
1.242236024844720205e-01
4.081632653061223470e-02
1.388460351743288877e-02
3.922034704064653737e-02
4.081632653061223470e-02
4.422979156075240725e-02
2.434421588979052836e-02
2.972749793559041967e-02
1.242236024844720205e-01
4.422979156075240725e-02
2.972749793559041967e-02
2.337662337662337053e-02
2.244116037219485299e-02
8.120300751879701295e-02
3.347188798949901622e-02
1.523809523809523808e-02
1.500904159132007420e-01
1.899059024807527724e-02
1.607142857142856707e-01
4.422979156075240725e-02
2.972749793559041967e-02
1.861471861471861167e-01
1.319934818033677570e-01
1.242236024844720205e-01
2.745722244329486597e-02
5.432595573440644754e-02
2.638264608168849196e-02
3.347188798949901622e-02
4.605776736924277470e-02
4.081632653061223470e-02
1.500904159132007420e-01
4.422979156075240725e-02
5.210084033613446991e-02
2.192691029900331601e-01
5.432595573440644754e-02
2.638264608168849196e-02
9.426057813154582743e-02
1.323596531264262764e-02
2.638264608168849196e-02
1.500904159132007420e-01
2.066042733533462669e-02
1.319934818033677570e-01
4.248447204968943541e-02
6.175920149719275193e-02
4.605776736924277470e-02
4.422979156075240725e-02
1.607142857142856707e-01
9.930313588850171735e-02
1.500904159132007420e-01
7.389162561576353982e-02
5.667060212514757334e-02
5.667060212514757334e-02
4.081632653061223470e-02
3.217503217503217550e-02
2.244116037219485299e-02
3.769194974406699788e-02
3.347188798949901622e-02
1.667211507028440454e-02
1.139351446099912471e-02
1.500904159132007420e-01
3.217503217503217550e-02
7.057620184111831896e-02
6.746031746031745657e-02
1.594459655339023826e-02
6.746031746031745657e-02
2.638264608168849196e-02
3.922034704064653737e-02
1.388460351743288877e-02
3.482142857142857262e-02
3.622693096377307270e-02
8.628954937679768344e-03
2.337662337662337053e-02
5.914467697907188626e-02
1.607142857142856707e-01
3.347188798949901622e-02
7.057620184111831896e-02
1.199111769059955403e-02
3.769194974406699788e-02
4.797441364605542491e-02
1.819407008086253510e-02
2.638264608168849196e-02
1.667211507028440454e-02
1.388460351743288877e-02
1.500904159132007420e-01
3.922034704064653737e-02
3.622693096377307270e-02
1.607142857142856707e-01
3.482142857142857262e-02
2.398921832884097771e-01
3.622693096377307270e-02
2.153625269203158707e-02
3.769194974406699788e-02
1.405714285714285416e-01
2.638264608168849196e-02
1.405714285714285416e-01
1.899059024807527724e-02
9.930313588850171735e-02
1.667211507028440454e-02
7.742639040348964219e-02
1.388460351743288877e-02
3.724966622162885210e-01
4.998634252936356298e-02
7.389162561576353982e-02
1.405714285714285416e-01
6.175920149719275193e-02
4.081632653061223470e-02
1.199111769059955403e-02
2.857142857142857054e-02
1.405714285714285416e-01
1.981230448383732717e-02
1.726472579553147146e-01
5.210084033613446991e-02
1.319934818033677570e-01
7.617265802485633300e-03
2.972749793559041967e-02
7.617265802485633300e-03
3.092783505154639290e-02
1.667211507028440454e-02
6.175920149719275193e-02
4.081632653061223470e-02
1.319934818033677570e-01
1.047619047619047644e-01
1.500904159132007420e-01
1.106906338694417929e-01
1.742160278745644511e-02
2.337662337662337053e-02
2.066042733533462669e-02
1.106906338694417929e-01
1.171527434503213116e-01
1.242236024844720205e-01
7.742639040348964219e-02
4.081632653061223470e-02
4.998634252936356298e-02
1.861471861471861167e-01
4.797441364605542491e-02
9.153952843273232415e-03
6.746031746031745657e-02
2.337662337662337053e-02
1.500904159132007420e-01
1.319934818033677570e-01
1.667211507028440454e-02
3.092783505154639290e-02
3.347188798949901622e-02
6.452648475120385807e-02
6.175920149719275193e-02
1.139351446099912471e-02
1.742160278745644511e-02
5.667060212514757334e-02
3.769194974406699788e-02
3.922034704064653737e-02
3.769194974406699788e-02
6.452648475120385807e-02
2.244116037219485299e-02
2.434421588979052836e-02
2.434421588979052836e-02
1.242236024844720205e-01
3.769194974406699788e-02
4.422979156075240725e-02
3.622693096377307270e-02
2.638264608168849196e-02
1.106906338694417929e-01
2.857142857142857054e-02
1.047619047619047644e-01
1.106906338694417929e-01
9.426057813154582743e-02
1.594459655339023826e-02
5.667060212514757334e-02
1.171527434503213116e-01
1.742160278745644511e-02
3.217503217503217550e-02
3.482142857142857262e-02
5.210084033613446991e-02
1.242236024844720205e-01
5.432595573440644754e-02
4.605776736924277470e-02
1.981230448383732717e-02
1.981230448383732717e-02
5.432595573440644754e-02
1.726472579553147146e-01
4.248447204968943541e-02
1.171527434503213116e-01
1.405714285714285416e-01
8.958837772397092170e-02
4.998634252936356298e-02
2.745722244329486597e-02
6.746031746031745657e-02
1.242236024844720205e-01
1.861471861471861167e-01
1.455171334689407160e-02
1.047619047619047644e-01
4.797441364605542491e-02
3.769194974406699788e-02
2.641878669275928848e-01
7.129654079746501963e-03
7.057620184111831896e-02
1.319934818033677570e-01
8.958837772397092170e-02
1.242236024844720205e-01
3.347188798949901622e-02
2.638264608168849196e-02
2.534562211981567295e-02
2.534562211981567295e-02
2.534562211981567295e-02
1.242236024844720205e-01
3.769194974406699788e-02
1.319934818033677570e-01
7.057620184111831896e-02
1.242236024844720205e-01
1.242236024844720205e-01
4.081632653061223470e-02
2.972749793559041967e-02
1.388460351743288877e-02
3.217503217503217550e-02
5.914467697907188626e-02
8.524717789022967507e-02
4.998634252936356298e-02
1.405714285714285416e-01
7.742639040348964219e-02
1.171527434503213116e-01
3.922034704064653737e-02
6.175920149719275193e-02
6.175920149719275193e-02
1.500904159132007420e-01
1.319934818033677570e-01
3.482142857142857262e-02
1.861471861471861167e-01
9.692372524230932415e-03
5.210084033613446991e-02
3.922034704064653737e-02
1.242236024844720205e-01
2.337662337662337053e-02
5.210084033613446991e-02
4.422979156075240725e-02
4.605776736924277470e-02
4.081632653061223470e-02
1.106906338694417929e-01
2.638264608168849196e-02
2.398921832884097771e-01
1.455171334689407160e-02
1.260504201680672128e-02
2.857142857142857054e-02
5.914467697907188626e-02
4.081632653061223470e-02
4.797441364605542491e-02
2.015444015444015913e-01
2.972749793559041967e-02
1.106906338694417929e-01
3.769194974406699788e-02
3.769194974406699788e-02
1.171527434503213116e-01
2.337662337662337053e-02
1.899059024807527724e-02
2.434421588979052836e-02
3.922034704064653737e-02
6.175920149719275193e-02
3.922034704064653737e-02
1.861471861471861167e-01
6.746031746031745657e-02
2.434421588979052836e-02
1.607142857142856707e-01
4.422979156075240725e-02
1.594459655339023826e-02
7.617265802485633300e-03
4.998634252936356298e-02
3.922034704064653737e-02
1.861471861471861167e-01
3.217503217503217550e-02
1.742160278745644511e-02
1.500904159132007420e-01
1.319934818033677570e-01
9.426057813154582743e-02
2.015444015444015913e-01
3.092783505154639290e-02
3.347188798949901622e-02
2.153625269203158707e-02
6.452648475120385807e-02
7.742639040348964219e-02
2.244116037219485299e-02
1.319934818033677570e-01
2.745722244329486597e-02
5.914467697907188626e-02
1.260504201680672128e-02
1.405714285714285416e-01
1.242236024844720205e-01
3.769194974406699788e-02
3.092783505154639290e-02
6.175920149719275193e-02
1.726472579553147146e-01
9.426057813154582743e-02
4.248447204968943541e-02
1.607142857142856707e-01
9.930313588850171735e-02
1.171527434503213116e-01
9.426057813154582743e-02
1.171527434503213116e-01
6.175920149719275193e-02
1.899059024807527724e-02
3.622693096377307270e-02
4.605776736924277470e-02
3.092783505154639290e-02
3.922034704064653737e-02
1.047619047619047644e-01
1.081159002450627141e-02
3.769194974406699788e-02
1.742160278745644511e-02
3.769194974406699788e-02
3.092783505154639290e-02
2.244116037219485299e-02
6.746031746031745657e-02
6.175920149719275193e-02
1.500904159132007420e-01
3.347188798949901622e-02
4.605776736924277470e-02
1.500904159132007420e-01
1.742160278745644511e-02
7.742639040348964219e-02
1.024473534433693878e-02
4.248447204968943541e-02
1.242236024844720205e-01
1.455171334689407160e-02
1.899059024807527724e-02
1.742160278745644511e-02
2.638264608168849196e-02
2.534562211981567295e-02
5.432595573440644754e-02
3.092783505154639290e-02
3.922034704064653737e-02
1.106906338694417929e-01
2.337662337662337053e-02
4.422979156075240725e-02
1.024473534433693878e-02
3.922034704064653737e-02
1.819407008086253510e-02
6.746031746031745657e-02
7.742639040348964219e-02
4.248447204968943541e-02
5.667060212514757334e-02
3.092783505154639290e-02
2.641878669275928848e-01
1.319934818033677570e-01
5.432595573440644754e-02
1.523809523809523808e-02
3.092783505154639290e-02
2.434421588979052836e-02
7.389162561576353982e-02
2.745722244329486597e-02
6.746031746031745657e-02
2.534562211981567295e-02
1.405714285714285416e-01
4.248447204968943541e-02
1.861471861471861167e-01
3.622693096377307270e-02
1.388460351743288877e-02
3.769194974406699788e-02
2.857142857142857054e-02
3.217503217503217550e-02
1.523809523809523808e-02
4.422979156075240725e-02
1.594459655339023826e-02
2.153625269203158707e-02
2.192691029900331601e-01
1.594459655339023826e-02
3.092783505154639290e-02
4.422979156075240725e-02
1.726472579553147146e-01
7.389162561576353982e-02
9.930313588850171735e-02
2.066042733533462669e-02
3.622693096377307270e-02
2.857142857142857054e-02
2.337662337662337053e-02
2.534562211981567295e-02
4.248447204968943541e-02
5.914467697907188626e-02
6.175920149719275193e-02
1.607142857142856707e-01
2.638264608168849196e-02
1.323596531264262764e-02
6.452648475120385807e-02
7.057620184111831896e-02
1.199111769059955403e-02
1.081159002450627141e-02
2.534562211981567295e-02
1.323596531264262764e-02
2.153625269203158707e-02
3.769194974406699788e-02
2.972749793559041967e-02
6.452648475120385807e-02
2.244116037219485299e-02
7.742639040348964219e-02
3.769194974406699788e-02
9.930313588850171735e-02
3.769194974406699788e-02
5.667060212514757334e-02
1.726472579553147146e-01
1.405714285714285416e-01
1.171527434503213116e-01
6.175920149719275193e-02
2.192691029900331601e-01
4.081632653061223470e-02
1.319934818033677570e-01
2.244116037219485299e-02
2.192691029900331601e-01
9.426057813154582743e-02
4.797441364605542491e-02
2.434421588979052836e-02
2.972749793559041967e-02
5.914467697907188626e-02
4.081632653061223470e-02
4.605776736924277470e-02
1.081159002450627141e-02
3.922034704064653737e-02
4.605776736924277470e-02
2.153625269203158707e-02
1.171527434503213116e-01
2.638264608168849196e-02
3.092783505154639290e-02
1.024473534433693878e-02
3.769194974406699788e-02
2.641878669275928848e-01
4.248447204968943541e-02
2.638264608168849196e-02
1.667211507028440454e-02
2.638264608168849196e-02
4.248447204968943541e-02
4.248447204968943541e-02
5.432595573440644754e-02
5.667060212514757334e-02
1.405714285714285416e-01
4.248447204968943541e-02
5.210084033613446991e-02
8.120300751879701295e-02
3.769194974406699788e-02
8.120300751879701295e-02
2.192691029900331601e-01
1.405714285714285416e-01
3.217503217503217550e-02
2.972749793559041967e-02
8.120300751879701295e-02
3.347188798949901622e-02
1.139351446099912471e-02
2.244116037219485299e-02
1.742160278745644511e-02
2.972749793559041967e-02
8.524717789022967507e-02
6.175920149719275193e-02
5.210084033613446991e-02
5.210084033613446991e-02
4.998634252936356298e-02
2.638264608168849196e-02
1.242236024844720205e-01
3.622693096377307270e-02
1.500904159132007420e-01
6.746031746031745657e-02
8.120300751879701295e-02
8.120300751879701295e-02
5.432595573440644754e-02
8.958837772397092170e-02
4.081632653061223470e-02
1.405714285714285416e-01
3.092783505154639290e-02
1.405714285714285416e-01
1.319934818033677570e-01
1.081159002450627141e-02
1.667211507028440454e-02
1.260504201680672128e-02
4.422979156075240725e-02
4.605776736924277470e-02
1.199111769059955403e-02
1.388460351743288877e-02
5.667060212514757334e-02
3.482142857142857262e-02
2.972749793559041967e-02
2.192691029900331601e-01
7.389162561576353982e-02
2.244116037219485299e-02
8.120300751879701295e-02
4.605776736924277470e-02
9.692372524230932415e-03
3.482142857142857262e-02
1.742160278745644511e-02
2.857142857142857054e-02
2.534562211981567295e-02
6.452648475120385807e-02
1.523809523809523808e-02
4.998634252936356298e-02
3.482142857142857262e-02
2.337662337662337053e-02
1.742160278745644511e-02
4.605776736924277470e-02
2.534562211981567295e-02
2.244116037219485299e-02
9.930313588850171735e-02
5.432595573440644754e-02
4.422979156075240725e-02
2.972749793559041967e-02
4.998634252936356298e-02
8.628954937679768344e-03
1.742160278745644511e-02
4.081632653061223470e-02
1.861471861471861167e-01
1.081159002450627141e-02
9.426057813154582743e-02
4.248447204968943541e-02
1.171527434503213116e-01
2.972749793559041967e-02
1.861471861471861167e-01
3.922034704064653737e-02
5.210084033613446991e-02
2.066042733533462669e-02
3.482142857142857262e-02
5.432595573440644754e-02
6.746031746031745657e-02
2.641878669275928848e-01
3.922034704064653737e-02
6.746031746031745657e-02
4.248447204968943541e-02
1.742160278745644511e-02
8.120300751879701295e-02
9.426057813154582743e-02
2.244116037219485299e-02
2.638264608168849196e-02
2.192691029900331601e-01
1.139351446099912471e-02
3.622693096377307270e-02
5.914467697907188626e-02
2.638264608168849196e-02
1.047619047619047644e-01
1.106906338694417929e-01
2.244116037219485299e-02
6.175920149719275193e-02
3.622693096377307270e-02
6.175920149719275193e-02
2.641878669275928848e-01
5.667060212514757334e-02
1.199111769059955403e-02
9.930313588850171735e-02
2.932330827067670120e-01
3.482142857142857262e-02
4.797441364605542491e-02
2.857142857142857054e-02
2.015444015444015913e-01
4.081632653061223470e-02
1.047619047619047644e-01
4.998634252936356298e-02
1.319934818033677570e-01
7.389162561576353982e-02
1.106906338694417929e-01
3.922034704064653737e-02
2.192691029900331601e-01
3.347188798949901622e-02
1.405714285714285416e-01
3.482142857142857262e-02
3.217503217503217550e-02
4.248447204968943541e-02
1.523809523809523808e-02
1.819407008086253510e-02
4.081632653061223470e-02
3.092783505154639290e-02
2.153625269203158707e-02
9.930313588850171735e-02
9.426057813154582743e-02
4.422979156075240725e-02
2.857142857142857054e-02
8.120300751879701295e-02
2.337662337662337053e-02
1.819407008086253510e-02
2.972749793559041967e-02
7.389162561576353982e-02
2.857142857142857054e-02
6.746031746031745657e-02
8.116883116883117852e-03
1.742160278745644511e-02
3.092783505154639290e-02
9.692372524230932415e-03
2.534562211981567295e-02
3.092783505154639290e-02
2.153625269203158707e-02
6.452648475120385807e-02
3.347188798949901622e-02
3.769194974406699788e-02
2.972749793559041967e-02
5.210084033613446991e-02
2.066042733533462669e-02
2.534562211981567295e-02
5.210084033613446991e-02
5.432595573440644754e-02
3.922034704064653737e-02
2.745722244329486597e-02
5.210084033613446991e-02
2.434421588979052836e-02
2.641878669275928848e-01
6.452648475120385807e-02
1.594459655339023826e-02
3.769194974406699788e-02
1.607142857142856707e-01
3.347188798949901622e-02
3.347188798949901622e-02
2.641878669275928848e-01
1.199111769059955403e-02
9.930313588850171735e-02
7.057620184111831896e-02
3.769194974406699788e-02
4.605776736924277470e-02
5.667060212514757334e-02
1.319934818033677570e-01
1.726472579553147146e-01
8.524717789022967507e-02
3.769194974406699788e-02
1.242236024844720205e-01
3.217503217503217550e-02
4.081632653061223470e-02
4.422979156075240725e-02
2.337662337662337053e-02
2.745722244329486597e-02
1.523809523809523808e-02
1.594459655339023826e-02
4.998634252936356298e-02
6.175920149719275193e-02
1.260504201680672128e-02
1.726472579553147146e-01
3.622693096377307270e-02
3.092783505154639290e-02
4.605776736924277470e-02
2.638264608168849196e-02
3.622693096377307270e-02
1.726472579553147146e-01
1.742160278745644511e-02
3.922034704064653737e-02
1.139351446099912471e-02
3.769194974406699788e-02
3.622693096377307270e-02
1.742160278745644511e-02
1.242236024844720205e-01
2.434421588979052836e-02
3.092783505154639290e-02
9.153952843273232415e-03
2.745722244329486597e-02
2.534562211981567295e-02
4.422979156075240725e-02
2.337662337662337053e-02
1.388460351743288877e-02
1.260504201680672128e-02
2.337662337662337053e-02
4.998634252936356298e-02
1.742160278745644511e-02
1.106906338694417929e-01
4.998634252936356298e-02
2.857142857142857054e-02
8.116883116883117852e-03
2.015444015444015913e-01
1.861471861471861167e-01
1.523809523809523808e-02
1.242236024844720205e-01
2.153625269203158707e-02
3.769194974406699788e-02
4.422979156075240725e-02
3.622693096377307270e-02
1.106906338694417929e-01
2.857142857142857054e-02
1.500904159132007420e-01
5.432595573440644754e-02
4.422979156075240725e-02
1.500904159132007420e-01
3.347188798949901622e-02
1.171527434503213116e-01
3.482142857142857262e-02
1.171527434503213116e-01
5.914467697907188626e-02
2.638264608168849196e-02
4.248447204968943541e-02
7.057620184111831896e-02
4.081632653061223470e-02
6.452648475120385807e-02
2.534562211981567295e-02
4.248447204968943541e-02
1.607142857142856707e-01
1.242236024844720205e-01
1.199111769059955403e-02
1.319934818033677570e-01
9.426057813154582743e-02
1.139351446099912471e-02
1.742160278745644511e-02
4.081632653061223470e-02
3.092783505154639290e-02
3.622693096377307270e-02
1.171527434503213116e-01
4.605776736924277470e-02
4.248447204968943541e-02
1.667211507028440454e-02
5.914467697907188626e-02
5.210084033613446991e-02
1.594459655339023826e-02
1.861471861471861167e-01
3.769194974406699788e-02
3.217503217503217550e-02
2.641878669275928848e-01
1.594459655339023826e-02
1.171527434503213116e-01
8.524717789022967507e-02
1.523809523809523808e-02
7.389162561576353982e-02
2.153625269203158707e-02
1.981230448383732717e-02
5.432595573440644754e-02
1.323596531264262764e-02
1.319934818033677570e-01
2.337662337662337053e-02
7.389162561576353982e-02
3.482142857142857262e-02
4.081632653061223470e-02
3.217503217503217550e-02
3.347188798949901622e-02
4.998634252936356298e-02
2.244116037219485299e-02
7.389162561576353982e-02
9.426057813154582743e-02
4.797441364605542491e-02
5.914467697907188626e-02
1.819407008086253510e-02
7.389162561576353982e-02
5.210084033613446991e-02
3.622693096377307270e-02
1.106906338694417929e-01
2.244116037219485299e-02
4.081632653061223470e-02
8.958837772397092170e-02
4.081632653061223470e-02
4.797441364605542491e-02
1.742160278745644511e-02
3.217503217503217550e-02
2.857142857142857054e-02
1.260504201680672128e-02
2.015444015444015913e-01
8.120300751879701295e-02
1.726472579553147146e-01
1.500904159132007420e-01
1.106906338694417929e-01
8.524717789022967507e-02
1.199111769059955403e-02
1.199111769059955403e-02
4.248447204968943541e-02
2.153625269203158707e-02
1.726472579553147146e-01
1.319934818033677570e-01
2.398921832884097771e-01
5.210084033613446991e-02
2.015444015444015913e-01
2.398921832884097771e-01
1.500904159132007420e-01
7.617265802485633300e-03
3.622693096377307270e-02
2.153625269203158707e-02
3.092783505154639290e-02
3.347188798949901622e-02
4.248447204968943541e-02
5.432595573440644754e-02
2.153625269203158707e-02
4.081632653061223470e-02
4.081632653061223470e-02
3.922034704064653737e-02
3.217503217503217550e-02
2.398921832884097771e-01
2.192691029900331601e-01
3.622693096377307270e-02
2.638264608168849196e-02
2.153625269203158707e-02
2.972749793559041967e-02
1.981230448383732717e-02
3.285714285714284588e-01
6.746031746031745657e-02
2.745722244329486597e-02
4.081632653061223470e-02
4.797441364605542491e-02
3.922034704064653737e-02
2.534562211981567295e-02
5.432595573440644754e-02
2.972749793559041967e-02
7.742639040348964219e-02
3.347188798949901622e-02
2.244116037219485299e-02
2.153625269203158707e-02
2.153625269203158707e-02
3.482142857142857262e-02
6.746031746031745657e-02
1.742160278745644511e-02
9.426057813154582743e-02
4.998634252936356298e-02
4.081632653061223470e-02
6.746031746031745657e-02
2.337662337662337053e-02
3.769194974406699788e-02
4.797441364605542491e-02
6.175920149719275193e-02
3.482142857142857262e-02
9.930313588850171735e-02
5.432595573440644754e-02
1.047619047619047644e-01
1.106906338694417929e-01
1.171527434503213116e-01
3.347188798949901622e-02
4.605776736924277470e-02
3.347188798949901622e-02
4.422979156075240725e-02
3.622693096377307270e-02
3.724966622162885210e-01
2.398921832884097771e-01
1.500904159132007420e-01
9.426057813154582743e-02
1.106906338694417929e-01
7.129654079746501963e-03
6.175920149719275193e-02
1.742160278745644511e-02
1.260504201680672128e-02
2.972749793559041967e-02
2.434421588979052836e-02
3.092783505154639290e-02
2.244116037219485299e-02
2.745722244329486597e-02
2.066042733533462669e-02
3.092783505154639290e-02
1.106906338694417929e-01
1.500904159132007420e-01
2.066042733533462669e-02
4.605776736924277470e-02
1.242236024844720205e-01
3.092783505154639290e-02
2.857142857142857054e-02
1.319934818033677570e-01
1.667211507028440454e-02
2.337662337662337053e-02
2.337662337662337053e-02
3.217503217503217550e-02
3.092783505154639290e-02
9.930313588850171735e-02
2.638264608168849196e-02
4.081632653061223470e-02
9.930313588850171735e-02
1.199111769059955403e-02
1.667211507028440454e-02
8.524717789022967507e-02
3.217503217503217550e-02
3.769194974406699788e-02
1.500904159132007420e-01
1.726472579553147146e-01
2.638264608168849196e-02
4.797441364605542491e-02
8.958837772397092170e-02
1.388460351743288877e-02
7.057620184111831896e-02
2.337662337662337053e-02
1.047619047619047644e-01
3.922034704064653737e-02
3.922034704064653737e-02
3.217503217503217550e-02
2.745722244329486597e-02
3.482142857142857262e-02
1.171527434503213116e-01
1.500904159132007420e-01
4.248447204968943541e-02
1.388460351743288877e-02
9.426057813154582743e-02
5.667060212514757334e-02
4.248447204968943541e-02
1.319934818033677570e-01
1.594459655339023826e-02
1.861471861471861167e-01
1.899059024807527724e-02
5.210084033613446991e-02
1.242236024844720205e-01
1.260504201680672128e-02
1.726472579553147146e-01
1.323596531264262764e-02
6.746031746031745657e-02
4.248447204968943541e-02
1.405714285714285416e-01
5.432595573440644754e-02
1.242236024844720205e-01
3.092783505154639290e-02
1.106906338694417929e-01
2.638264608168849196e-02
1.242236024844720205e-01
2.857142857142857054e-02
4.797441364605542491e-02
2.244116037219485299e-02
4.422979156075240725e-02
3.769194974406699788e-02
5.210084033613446991e-02
3.482142857142857262e-02
1.455171334689407160e-02
1.819407008086253510e-02
3.922034704064653737e-02
1.199111769059955403e-02
2.534562211981567295e-02
4.081632653061223470e-02
1.981230448383732717e-02
1.726472579553147146e-01
3.347188798949901622e-02
3.347188798949901622e-02
1.726472579553147146e-01
1.106906338694417929e-01
1.171527434503213116e-01
1.726472579553147146e-01
1.981230448383732717e-02
1.500904159132007420e-01
3.347188798949901622e-02
1.171527434503213116e-01
1.405714285714285416e-01
1.171527434503213116e-01
1.500904159132007420e-01
4.797441364605542491e-02
1.323596531264262764e-02
1.607142857142856707e-01
5.210084033613446991e-02
2.153625269203158707e-02
3.482142857142857262e-02
1.106906338694417929e-01
5.210084033613446991e-02
1.861471861471861167e-01
8.628954937679768344e-03
3.622693096377307270e-02
7.617265802485633300e-03
4.605776736924277470e-02
4.998634252936356298e-02
3.769194974406699788e-02
6.746031746031745657e-02
3.482142857142857262e-02
4.248447204968943541e-02
6.452648475120385807e-02
1.819407008086253510e-02
6.746031746031745657e-02
1.667211507028440454e-02
1.981230448383732717e-02
4.248447204968943541e-02
3.092783505154639290e-02
6.175920149719275193e-02
6.746031746031745657e-02
4.422979156075240725e-02
8.958837772397092170e-02
3.482142857142857262e-02
1.106906338694417929e-01
3.482142857142857262e-02
3.217503217503217550e-02
2.932330827067670120e-01
1.319934818033677570e-01
1.242236024844720205e-01
1.594459655339023826e-02
2.153625269203158707e-02
4.248447204968943541e-02
3.347188798949901622e-02
8.120300751879701295e-02
2.398921832884097771e-01
3.769194974406699788e-02
8.524717789022967507e-02
1.667211507028440454e-02
3.347188798949901622e-02
1.024473534433693878e-02
5.210084033613446991e-02
2.972749793559041967e-02
3.622693096377307270e-02
1.819407008086253510e-02
5.667060212514757334e-02
1.319934818033677570e-01
1.106906338694417929e-01
9.426057813154582743e-02
6.452648475120385807e-02
3.217503217503217550e-02
1.861471861471861167e-01
1.260504201680672128e-02
1.742160278745644511e-02
4.422979156075240725e-02
2.857142857142857054e-02
4.081632653061223470e-02
4.998634252936356298e-02
1.607142857142856707e-01
4.797441364605542491e-02
5.210084033613446991e-02
1.319934818033677570e-01
1.106906338694417929e-01
9.930313588850171735e-02
3.622693096377307270e-02
2.857142857142857054e-02
1.047619047619047644e-01
5.432595573440644754e-02
3.922034704064653737e-02
1.405714285714285416e-01
1.024473534433693878e-02
3.347188798949901622e-02
5.667060212514757334e-02
3.922034704064653737e-02
1.523809523809523808e-02
1.106906338694417929e-01
5.667060212514757334e-02
4.081632653061223470e-02
4.605776736924277470e-02
1.405714285714285416e-01
1.081159002450627141e-02
5.432595573440644754e-02
3.622693096377307270e-02
2.244116037219485299e-02
2.244116037219485299e-02
1.594459655339023826e-02
3.922034704064653737e-02
1.242236024844720205e-01
1.607142857142856707e-01
4.605776736924277470e-02
1.171527434503213116e-01
9.930313588850171735e-02
1.523809523809523808e-02
6.452648475120385807e-02
4.081632653061223470e-02
3.622693096377307270e-02
3.347188798949901622e-02
4.422979156075240725e-02
4.797441364605542491e-02
1.242236024844720205e-01
6.746031746031745657e-02
3.217503217503217550e-02
2.857142857142857054e-02
9.692372524230932415e-03
1.081159002450627141e-02
3.347188798949901622e-02
2.857142857142857054e-02
1.242236024844720205e-01
3.769194974406699788e-02
5.210084033613446991e-02
2.857142857142857054e-02
3.922034704064653737e-02
1.742160278745644511e-02
1.323596531264262764e-02
3.347188798949901622e-02
2.153625269203158707e-02
7.742639040348964219e-02
1.607142857142856707e-01
5.914467697907188626e-02
1.405714285714285416e-01
1.742160278745644511e-02
1.319934818033677570e-01
4.081632653061223470e-02
2.153625269203158707e-02
4.605776736924277470e-02
1.667211507028440454e-02
6.175920149719275193e-02
1.455171334689407160e-02
4.605776736924277470e-02
1.899059024807527724e-02
3.482142857142857262e-02
9.930313588850171735e-02
4.081632653061223470e-02
5.210084033613446991e-02
4.998634252936356298e-02
1.405714285714285416e-01
2.745722244329486597e-02
7.389162561576353982e-02
2.192691029900331601e-01
7.129654079746501963e-03
2.244116037219485299e-02
1.726472579553147146e-01
2.337662337662337053e-02
5.210084033613446991e-02
2.972749793559041967e-02
3.217503217503217550e-02
1.323596531264262764e-02
3.622693096377307270e-02
3.482142857142857262e-02
6.746031746031745657e-02
4.081632653061223470e-02
6.452648475120385807e-02
1.242236024844720205e-01
1.242236024844720205e-01
6.746031746031745657e-02
4.422979156075240725e-02
2.434421588979052836e-02
1.899059024807527724e-02
8.120300751879701295e-02
9.153952843273232415e-03
1.726472579553147146e-01
2.972749793559041967e-02
1.319934818033677570e-01
2.153625269203158707e-02
1.106906338694417929e-01
3.769194974406699788e-02
4.081632653061223470e-02
1.742160278745644511e-02
4.797441364605542491e-02
3.347188798949901622e-02
1.607142857142856707e-01
3.092783505154639290e-02
2.153625269203158707e-02
2.972749793559041967e-02
1.726472579553147146e-01
2.434421588979052836e-02
1.319934818033677570e-01
2.066042733533462669e-02
1.171527434503213116e-01
5.432595573440644754e-02
6.175920149719275193e-02
5.914467697907188626e-02
2.434421588979052836e-02
1.899059024807527724e-02
2.745722244329486597e-02
1.171527434503213116e-01
2.745722244329486597e-02
1.726472579553147146e-01
5.210084033613446991e-02
2.641878669275928848e-01
2.434421588979052836e-02
3.482142857142857262e-02
6.746031746031745657e-02
2.932330827067670120e-01
1.405714285714285416e-01
8.524717789022967507e-02
2.745722244329486597e-02
4.998634252936356298e-02
6.746031746031745657e-02
2.153625269203158707e-02
2.972749793559041967e-02
3.622693096377307270e-02
1.047619047619047644e-01
3.092783505154639290e-02
3.092783505154639290e-02
8.958837772397092170e-02
4.422979156075240725e-02
2.337662337662337053e-02
6.175920149719275193e-02
1.319934818033677570e-01
1.171527434503213116e-01
9.426057813154582743e-02
5.210084033613446991e-02
6.452648475120385807e-02
3.769194974406699788e-02
1.861471861471861167e-01
3.092783505154639290e-02
3.769194974406699788e-02
3.482142857142857262e-02
1.607142857142856707e-01
2.857142857142857054e-02
6.175920149719275193e-02
4.248447204968943541e-02
2.641878669275928848e-01
6.452648475120385807e-02
3.092783505154639290e-02
5.667060212514757334e-02
4.605776736924277470e-02
1.171527434503213116e-01
3.482142857142857262e-02
1.106906338694417929e-01
5.667060212514757334e-02
1.171527434503213116e-01
4.797441364605542491e-02
8.120300751879701295e-02
3.092783505154639290e-02
2.857142857142857054e-02
4.248447204968943541e-02
1.455171334689407160e-02
2.398921832884097771e-01
4.998634252936356298e-02
2.857142857142857054e-02
1.742160278745644511e-02
3.347188798949901622e-02
4.081632653061223470e-02
4.248447204968943541e-02
2.153625269203158707e-02
3.092783505154639290e-02
1.500904159132007420e-01
1.607142857142856707e-01
1.861471861471861167e-01
7.057620184111831896e-02
1.607142857142856707e-01
1.260504201680672128e-02
1.319934818033677570e-01
2.534562211981567295e-02
2.638264608168849196e-02
3.922034704064653737e-02
4.081632653061223470e-02
1.260504201680672128e-02
1.594459655339023826e-02
2.015444015444015913e-01
2.015444015444015913e-01
2.398921832884097771e-01
1.899059024807527724e-02
4.422979156075240725e-02
4.797441364605542491e-02
4.422979156075240725e-02
7.742639040348964219e-02
1.667211507028440454e-02
4.081632653061223470e-02
4.248447204968943541e-02
8.524717789022967507e-02
7.742639040348964219e-02
2.153625269203158707e-02
6.175920149719275193e-02
1.405714285714285416e-01
2.434421588979052836e-02
1.500904159132007420e-01
5.210084033613446991e-02
9.426057813154582743e-02
1.455171334689407160e-02
1.899059024807527724e-02
1.319934818033677570e-01
4.422979156075240725e-02
2.857142857142857054e-02
7.617265802485633300e-03
3.217503217503217550e-02
3.092783505154639290e-02
4.422979156075240725e-02
6.175920149719275193e-02
3.347188798949901622e-02
3.347188798949901622e-02
5.432595573440644754e-02
4.422979156075240725e-02
1.500904159132007420e-01
1.319934818033677570e-01
8.628954937679768344e-03
6.175920149719275193e-02
1.319934818033677570e-01
4.248447204968943541e-02
2.066042733533462669e-02
6.452648475120385807e-02
3.482142857142857262e-02
3.217503217503217550e-02
1.319934818033677570e-01
1.594459655339023826e-02
3.092783505154639290e-02
3.092783505154639290e-02
2.638264608168849196e-02
1.405714285714285416e-01
2.857142857142857054e-02
1.081159002450627141e-02
1.199111769059955403e-02
1.405714285714285416e-01
2.857142857142857054e-02
4.605776736924277470e-02
1.106906338694417929e-01
2.244116037219485299e-02
8.524717789022967507e-02
3.217503217503217550e-02
4.422979156075240725e-02
5.914467697907188626e-02
4.605776736924277470e-02
7.389162561576353982e-02
4.248447204968943541e-02
2.972749793559041967e-02
6.746031746031745657e-02
1.171527434503213116e-01
2.434421588979052836e-02
4.998634252936356298e-02
2.745722244329486597e-02
2.015444015444015913e-01
1.319934818033677570e-01
3.724966622162885210e-01
3.347188798949901622e-02
8.958837772397092170e-02
2.244116037219485299e-02
1.242236024844720205e-01
7.742639040348964219e-02
2.192691029900331601e-01
1.667211507028440454e-02
7.057620184111831896e-02
1.861471861471861167e-01
2.192691029900331601e-01
3.922034704064653737e-02
1.861471861471861167e-01
6.175920149719275193e-02
2.745722244329486597e-02
4.248447204968943541e-02
7.742639040348964219e-02
4.081632653061223470e-02
1.607142857142856707e-01
1.594459655339023826e-02
1.319934818033677570e-01
7.742639040348964219e-02
2.745722244329486597e-02
1.171527434503213116e-01
1.819407008086253510e-02
3.769194974406699788e-02
2.066042733533462669e-02
3.092783505154639290e-02
1.607142857142856707e-01
2.153625269203158707e-02
5.432595573440644754e-02
1.260504201680672128e-02
2.244116037219485299e-02
3.092783505154639290e-02
1.260504201680672128e-02
2.638264608168849196e-02
1.726472579553147146e-01
1.199111769059955403e-02
4.248447204968943541e-02
1.742160278745644511e-02
1.171527434503213116e-01
1.819407008086253510e-02
3.769194974406699788e-02
1.500904159132007420e-01
2.972749793559041967e-02
1.899059024807527724e-02
3.092783505154639290e-02
4.422979156075240725e-02
5.210084033613446991e-02
2.745722244329486597e-02
1.405714285714285416e-01
2.015444015444015913e-01
4.248447204968943541e-02
1.667211507028440454e-02
1.861471861471861167e-01
3.769194974406699788e-02
6.452648475120385807e-02
1.607142857142856707e-01
2.857142857142857054e-02
2.192691029900331601e-01
2.857142857142857054e-02
3.769194974406699788e-02
1.523809523809523808e-02
3.622693096377307270e-02
7.057620184111831896e-02
4.081632653061223470e-02
1.199111769059955403e-02
2.857142857142857054e-02
1.106906338694417929e-01
2.857142857142857054e-02
2.534562211981567295e-02
4.998634252936356298e-02
2.745722244329486597e-02
3.482142857142857262e-02
2.857142857142857054e-02
3.482142857142857262e-02
1.388460351743288877e-02
3.622693096377307270e-02
2.066042733533462669e-02
3.769194974406699788e-02
7.617265802485633300e-03
6.746031746031745657e-02
1.319934818033677570e-01
1.081159002450627141e-02
3.622693096377307270e-02
2.857142857142857054e-02
4.422979156075240725e-02
4.998634252936356298e-02
1.981230448383732717e-02
3.347188798949901622e-02
9.426057813154582743e-02
8.120300751879701295e-02
1.171527434503213116e-01
1.861471861471861167e-01
1.667211507028440454e-02
5.667060212514757334e-02
3.482142857142857262e-02
1.981230448383732717e-02
9.426057813154582743e-02
1.047619047619047644e-01
3.217503217503217550e-02
4.081632653061223470e-02
5.667060212514757334e-02
1.594459655339023826e-02
1.607142857142856707e-01
3.622693096377307270e-02
4.605776736924277470e-02
2.434421588979052836e-02
5.667060212514757334e-02
7.742639040348964219e-02
1.171527434503213116e-01
4.797441364605542491e-02
5.432595573440644754e-02
1.171527434503213116e-01
1.171527434503213116e-01
1.319934818033677570e-01
2.857142857142857054e-02
2.641878669275928848e-01
1.405714285714285416e-01
5.667060212514757334e-02
7.057620184111831896e-02
3.922034704064653737e-02
4.422979156075240725e-02
1.242236024844720205e-01
6.452648475120385807e-02
3.217503217503217550e-02
1.667211507028440454e-02
1.726472579553147146e-01
7.057620184111831896e-02
7.389162561576353982e-02
1.455171334689407160e-02
4.422979156075240725e-02
1.500904159132007420e-01
1.405714285714285416e-01
1.319934818033677570e-01
4.081632653061223470e-02
9.930313588850171735e-02
1.981230448383732717e-02
1.607142857142856707e-01
1.323596531264262764e-02
5.734675672231425748e-03
4.605776736924277470e-02
3.217503217503217550e-02
2.398921832884097771e-01
5.432595573440644754e-02
2.434421588979052836e-02
1.899059024807527724e-02
7.389162561576353982e-02
1.047619047619047644e-01
6.746031746031745657e-02
1.106906338694417929e-01
2.638264608168849196e-02
4.605776736924277470e-02
3.217503217503217550e-02
1.667211507028440454e-02
1.319934818033677570e-01
5.210084033613446991e-02
3.922034704064653737e-02
1.405714285714285416e-01
4.081632653061223470e-02
4.422979156075240725e-02
7.057620184111831896e-02
1.861471861471861167e-01
8.120300751879701295e-02
3.622693096377307270e-02
6.452648475120385807e-02
8.958837772397092170e-02
8.116883116883117852e-03
2.638264608168849196e-02
3.092783505154639290e-02
9.692372524230932415e-03
2.745722244329486597e-02
3.922034704064653737e-02
2.745722244329486597e-02
1.319934818033677570e-01
2.153625269203158707e-02
4.797441364605542491e-02
1.081159002450627141e-02
1.667211507028440454e-02
1.500904159132007420e-01
1.742160278745644511e-02
4.998634252936356298e-02
6.746031746031745657e-02
3.922034704064653737e-02
1.047619047619047644e-01
4.998634252936356298e-02
2.638264608168849196e-02
3.347188798949901622e-02
4.998634252936356298e-02
3.622693096377307270e-02
4.998634252936356298e-02
7.742639040348964219e-02
2.638264608168849196e-02
2.745722244329486597e-02
4.422979156075240725e-02
8.120300751879701295e-02
7.742639040348964219e-02
2.434421588979052836e-02
1.171527434503213116e-01
5.667060212514757334e-02
2.015444015444015913e-01
7.389162561576353982e-02
1.405714285714285416e-01
1.500904159132007420e-01
8.958837772397092170e-02
3.922034704064653737e-02
1.819407008086253510e-02
1.500904159132007420e-01
2.066042733533462669e-02
3.622693096377307270e-02
2.153625269203158707e-02
1.405714285714285416e-01
3.092783505154639290e-02
3.769194974406699788e-02
1.726472579553147146e-01
1.405714285714285416e-01
1.106906338694417929e-01
2.638264608168849196e-02
1.667211507028440454e-02
1.405714285714285416e-01
1.242236024844720205e-01
1.047619047619047644e-01
2.398921832884097771e-01
6.175920149719275193e-02
2.337662337662337053e-02
3.092783505154639290e-02
2.972749793559041967e-02
4.797441364605542491e-02
1.405714285714285416e-01
4.998634252936356298e-02
5.667060212514757334e-02
4.998634252936356298e-02
5.914467697907188626e-02
1.500904159132007420e-01
2.244116037219485299e-02
1.323596531264262764e-02
1.819407008086253510e-02
2.972749793559041967e-02
4.422979156075240725e-02
5.667060212514757334e-02
5.667060212514757334e-02
1.242236024844720205e-01
5.667060212514757334e-02
1.726472579553147146e-01
2.192691029900331601e-01
2.534562211981567295e-02
2.745722244329486597e-02
5.432595573440644754e-02
1.242236024844720205e-01
7.742639040348964219e-02
3.482142857142857262e-02
4.081632653061223470e-02
2.015444015444015913e-01
3.347188798949901622e-02
1.861471861471861167e-01
5.432595573440644754e-02
1.106906338694417929e-01
3.092783505154639290e-02
1.047619047619047644e-01
1.171527434503213116e-01
4.998634252936356298e-02
1.171527434503213116e-01
1.899059024807527724e-02
4.081632653061223470e-02
1.500904159132007420e-01
5.667060212514757334e-02
2.638264608168849196e-02
1.260504201680672128e-02
1.500904159132007420e-01
7.389162561576353982e-02
6.175920149719275193e-02
2.972749793559041967e-02
4.605776736924277470e-02
3.092783505154639290e-02
3.092783505154639290e-02
3.217503217503217550e-02
1.081159002450627141e-02
2.638264608168849196e-02
3.622693096377307270e-02
1.861471861471861167e-01
3.217503217503217550e-02
2.745722244329486597e-02
1.594459655339023826e-02
2.857142857142857054e-02
7.129654079746501963e-03
4.422979156075240725e-02
1.242236024844720205e-01
9.426057813154582743e-02
3.922034704064653737e-02
1.500904159132007420e-01
3.482142857142857262e-02
3.482142857142857262e-02
1.319934818033677570e-01
1.455171334689407160e-02
5.432595573440644754e-02
8.628954937679768344e-03
2.066042733533462669e-02
1.455171334689407160e-02
9.426057813154582743e-02
1.667211507028440454e-02
1.171527434503213116e-01
1.667211507028440454e-02
3.769194974406699788e-02
1.667211507028440454e-02
2.066042733533462669e-02
4.797441364605542491e-02
3.922034704064653737e-02
1.106906338694417929e-01
7.129654079746501963e-03
2.972749793559041967e-02
3.922034704064653737e-02
4.248447204968943541e-02
2.972749793559041967e-02
4.248447204968943541e-02
5.432595573440644754e-02
4.605776736924277470e-02
1.242236024844720205e-01
2.434421588979052836e-02
4.422979156075240725e-02
6.746031746031745657e-02
1.323596531264262764e-02
4.422979156075240725e-02
2.857142857142857054e-02
1.323596531264262764e-02
3.622693096377307270e-02
2.972749793559041967e-02
1.171527434503213116e-01
4.081632653061223470e-02
2.534562211981567295e-02
2.932330827067670120e-01
2.857142857142857054e-02
1.667211507028440454e-02
6.175920149719275193e-02
1.861471861471861167e-01
6.452648475120385807e-02
5.667060212514757334e-02
1.899059024807527724e-02
1.242236024844720205e-01
2.244116037219485299e-02
2.534562211981567295e-02
2.153625269203158707e-02
4.605776736924277470e-02
5.432595573440644754e-02
1.861471861471861167e-01
1.861471861471861167e-01
4.422979156075240725e-02
4.998634252936356298e-02
5.432595573440644754e-02
6.452648475120385807e-02
3.347188798949901622e-02
1.319934818033677570e-01
3.347188798949901622e-02
2.857142857142857054e-02
4.605776736924277470e-02
4.248447204968943541e-02
2.745722244329486597e-02
4.422979156075240725e-02
1.500904159132007420e-01
3.217503217503217550e-02
4.422979156075240725e-02
7.742639040348964219e-02
5.432595573440644754e-02
3.092783505154639290e-02
1.242236024844720205e-01
2.434421588979052836e-02
3.482142857142857262e-02
3.622693096377307270e-02
5.210084033613446991e-02
3.622693096377307270e-02
2.534562211981567295e-02
8.120300751879701295e-02
5.914467697907188626e-02
4.797441364605542491e-02
2.434421588979052836e-02
1.047619047619047644e-01
1.455171334689407160e-02
2.398921832884097771e-01
3.622693096377307270e-02
1.899059024807527724e-02
6.175920149719275193e-02
4.797441364605542491e-02
4.081632653061223470e-02
1.323596531264262764e-02
2.434421588979052836e-02
4.605776736924277470e-02
1.047619047619047644e-01
3.622693096377307270e-02
1.981230448383732717e-02
2.015444015444015913e-01
1.861471861471861167e-01
1.500904159132007420e-01
1.319934818033677570e-01
3.622693096377307270e-02
1.242236024844720205e-01
3.622693096377307270e-02
1.500904159132007420e-01
3.092783505154639290e-02
7.617265802485633300e-03
2.857142857142857054e-02
4.797441364605542491e-02
1.388460351743288877e-02
4.998634252936356298e-02
1.861471861471861167e-01
1.171527434503213116e-01
3.769194974406699788e-02
1.405714285714285416e-01
6.452648475120385807e-02
2.638264608168849196e-02
3.217503217503217550e-02
3.482142857142857262e-02
4.081632653061223470e-02
6.452648475120385807e-02
5.432595573440644754e-02
1.047619047619047644e-01
7.129654079746501963e-03
9.930313588850171735e-02
3.217503217503217550e-02
4.797441364605542491e-02
1.319934818033677570e-01
3.922034704064653737e-02
6.746031746031745657e-02
4.422979156075240725e-02
1.607142857142856707e-01
1.139351446099912471e-02
1.981230448383732717e-02
3.622693096377307270e-02
9.930313588850171735e-02
1.981230448383732717e-02
1.455171334689407160e-02
1.607142857142856707e-01
5.667060212514757334e-02
4.081632653061223470e-02
1.242236024844720205e-01
3.347188798949901622e-02
1.405714285714285416e-01
4.998634252936356298e-02
2.857142857142857054e-02
9.930313588850171735e-02
4.248447204968943541e-02
3.347188798949901622e-02
1.405714285714285416e-01
2.153625269203158707e-02
1.455171334689407160e-02
8.958837772397092170e-02
1.139351446099912471e-02
6.746031746031745657e-02
3.092783505154639290e-02
8.958837772397092170e-02
3.622693096377307270e-02
1.523809523809523808e-02
8.120300751879701295e-02
6.653620352250489041e-03
3.347188798949901622e-02
9.692372524230932415e-03
1.319934818033677570e-01
2.638264608168849196e-02
8.628954937679768344e-03
3.092783505154639290e-02
9.930313588850171735e-02
3.769194974406699788e-02
2.337662337662337053e-02
8.958837772397092170e-02
3.092783505154639290e-02
9.692372524230932415e-03
3.922034704064653737e-02
3.482142857142857262e-02
1.388460351743288877e-02
3.092783505154639290e-02
3.482142857142857262e-02
1.405714285714285416e-01
8.120300751879701295e-02
1.667211507028440454e-02
1.819407008086253510e-02
1.319934818033677570e-01
2.153625269203158707e-02
2.244116037219485299e-02
1.607142857142856707e-01
5.667060212514757334e-02
1.742160278745644511e-02
3.769194974406699788e-02
2.434421588979052836e-02
5.432595573440644754e-02
2.638264608168849196e-02
3.769194974406699788e-02
3.092783505154639290e-02
3.217503217503217550e-02
1.319934818033677570e-01
1.819407008086253510e-02
4.248447204968943541e-02
1.388460351743288877e-02
2.745722244329486597e-02
7.057620184111831896e-02
8.958837772397092170e-02
8.120300751879701295e-02
5.914467697907188626e-02
3.769194974406699788e-02
1.171527434503213116e-01
1.242236024844720205e-01
3.922034704064653737e-02
2.857142857142857054e-02
1.500904159132007420e-01
1.260504201680672128e-02
1.500904159132007420e-01
4.797441364605542491e-02
3.922034704064653737e-02
5.914467697907188626e-02
1.667211507028440454e-02
3.347188798949901622e-02
2.857142857142857054e-02
2.932330827067670120e-01
3.217503217503217550e-02
1.607142857142856707e-01
8.958837772397092170e-02
1.819407008086253510e-02
1.319934818033677570e-01
7.057620184111831896e-02
1.819407008086253510e-02
3.769194974406699788e-02
2.434421588979052836e-02
1.726472579553147146e-01
5.432595573440644754e-02
1.455171334689407160e-02
2.534562211981567295e-02
4.797441364605542491e-02
5.667060212514757334e-02
1.500904159132007420e-01
1.319934818033677570e-01
5.914467697907188626e-02
8.524717789022967507e-02
3.092783505154639290e-02
4.248447204968943541e-02
3.769194974406699788e-02
1.047619047619047644e-01
1.106906338694417929e-01
3.622693096377307270e-02
4.422979156075240725e-02
3.482142857142857262e-02
4.605776736924277470e-02
4.422979156075240725e-02
1.024473534433693878e-02
9.692372524230932415e-03
1.819407008086253510e-02
3.347188798949901622e-02
1.388460351743288877e-02
3.347188798949901622e-02
8.120300751879701295e-02
5.210084033613446991e-02
1.171527434503213116e-01
1.242236024844720205e-01
1.047619047619047644e-01
1.319934818033677570e-01
2.015444015444015913e-01
1.981230448383732717e-02
3.347188798949901622e-02
8.958837772397092170e-02
4.422979156075240725e-02
1.323596531264262764e-02
4.422979156075240725e-02
8.628954937679768344e-03
3.769194974406699788e-02
3.217503217503217550e-02
1.171527434503213116e-01
1.667211507028440454e-02
8.524717789022967507e-02
4.422979156075240725e-02
3.724966622162885210e-01
2.638264608168849196e-02
1.523809523809523808e-02
5.914467697907188626e-02
2.398921832884097771e-01
5.210084033613446991e-02
7.057620184111831896e-02
8.120300751879701295e-02
4.081632653061223470e-02
1.171527434503213116e-01
5.667060212514757334e-02
2.638264608168849196e-02
1.242236024844720205e-01
1.861471861471861167e-01
2.972749793559041967e-02
2.745722244329486597e-02
4.081632653061223470e-02
3.482142857142857262e-02
2.244116037219485299e-02
1.106906338694417929e-01
1.607142857142856707e-01
4.797441364605542491e-02
1.242236024844720205e-01
1.047619047619047644e-01
1.405714285714285416e-01
4.998634252936356298e-02
9.426057813154582743e-02
9.692372524230932415e-03
1.047619047619047644e-01
4.797441364605542491e-02
1.199111769059955403e-02
3.769194974406699788e-02
5.432595573440644754e-02
1.861471861471861167e-01
2.244116037219485299e-02
1.319934818033677570e-01
6.452648475120385807e-02
3.622693096377307270e-02
2.857142857142857054e-02
1.242236024844720205e-01
4.605776736924277470e-02
2.745722244329486597e-02
8.524717789022967507e-02
1.523809523809523808e-02
8.120300751879701295e-02
4.422979156075240725e-02
1.523809523809523808e-02
2.015444015444015913e-01
3.347188798949901622e-02
4.081632653061223470e-02
1.607142857142856707e-01
5.914467697907188626e-02
7.389162561576353982e-02
1.405714285714285416e-01
9.153952843273232415e-03
4.248447204968943541e-02
3.092783505154639290e-02
9.930313588850171735e-02
1.319934818033677570e-01
4.605776736924277470e-02
9.692372524230932415e-03
3.922034704064653737e-02
3.622693096377307270e-02
2.015444015444015913e-01
1.594459655339023826e-02
4.605776736924277470e-02
1.047619047619047644e-01
7.057620184111831896e-02
1.319934818033677570e-01
1.106906338694417929e-01
4.422979156075240725e-02
1.667211507028440454e-02
9.426057813154582743e-02
1.081159002450627141e-02
3.922034704064653737e-02
2.534562211981567295e-02
1.981230448383732717e-02
1.242236024844720205e-01
4.605776736924277470e-02
7.057620184111831896e-02
3.092783505154639290e-02
4.605776736924277470e-02
3.217503217503217550e-02
4.605776736924277470e-02
1.500904159132007420e-01
1.106906338694417929e-01
