2.196531791907514741e-02
1.836514223982715216e-02
5.908944139489826636e-02
1.596018534408786757e-02
2.396166134185303415e-02
2.101874644953607291e-02
3.660322108345533815e-02
2.509960159362548127e-01
1.241642788920725889e-02
9.739368998628254726e-02
3.030303030303030300e-03
1.030534351145038219e-01
2.294567562267111477e-02
2.273972602739725846e-01
1.836514223982715216e-02
4.940768563998843704e-02
8.737864077669900420e-02
3.570451436388509259e-01
1.377049180327869111e-02
3.092783505154639290e-02
7.879263034104273811e-02
1.922020867655134524e-02
9.930785434848028378e-03
9.351343327890752552e-03
3.983656792645555444e-02
2.396166134185303415e-02
6.187624750499001042e-02
4.338510980182110760e-02
1.520784048665089518e-02
1.308350831852689647e-02
1.673640167364016593e-02
3.818317943598702191e-02
2.010424422933730637e-02
3.876970793486688664e-03
3.660322108345533815e-02
2.965077970568855831e-02
1.176839792876196479e-02
1.377049180327869111e-02
2.842377260981912221e-02
2.965077970568855831e-02
2.610857853294653794e-02
7.182087029995775154e-03
1.753764393268378990e-02
4.124999999999997558e-01
7.135016465422612530e-02
7.135016465422612530e-02
5.908944139489826636e-02
5.646173149309911127e-02
3.983656792645555444e-02
9.739368998628254726e-02
7.182087029995775154e-03
9.930785434848028378e-03
1.754385964912279772e-01
2.074198988195614102e-01
3.225806451612903830e-02
2.724392819429778678e-02
8.737864077669900420e-02
1.241642788920725889e-02
2.501525320317266737e-02
2.610857853294653794e-02
2.724392819429778678e-02
2.610857853294653794e-02
6.674082313681868259e-03
1.447828257613579563e-02
2.196531791907514741e-02
2.965077970568855831e-02
1.520784048665089518e-02
3.138686131386863587e-01
2.509960159362548127e-01
1.922020867655134524e-02
1.922020867655134524e-02
2.501525320317266737e-02
1.753764393268378990e-02
4.156862745098038880e-02
1.922020867655134524e-02
2.196531791907514741e-02
1.673640167364016593e-02
4.529234147680483158e-02
4.940768563998843704e-02
1.316397228637413430e-01
7.703281027104137701e-03
2.501525320317266737e-02
1.447828257613579563e-02
2.396166134185303415e-02
1.673640167364016593e-02
1.520784048665089518e-02
1.596018534408786757e-02
1.520784048665089518e-02
5.908944139489826636e-02
1.241642788920725889e-02
9.930785434848028378e-03
3.660322108345533815e-02
4.338510980182110760e-02
2.010424422933730637e-02
2.724392819429778678e-02
1.447828257613579563e-02
1.316397228637413430e-01
1.673640167364016593e-02
9.930785434848028378e-03
9.930785434848028378e-03
2.396166134185303415e-02
1.176839792876196479e-02
2.010424422933730637e-02
1.377049180327869111e-02
3.660322108345533815e-02
1.241642788920725889e-02
1.113861386138613810e-02
1.377049180327869111e-02
1.902897415818324001e-01
8.238184708772943940e-03
1.308350831852689647e-02
4.940768563998843704e-02
2.610857853294653794e-02
1.113861386138613810e-02
4.315417810906238202e-03
4.940768563998843704e-02
1.308350831852689647e-02
2.965077970568855831e-02
1.753764393268378990e-02
2.294567562267111477e-02
2.610857853294653794e-02
2.610857853294653794e-02
1.836514223982715216e-02
1.113861386138613810e-02
6.178772483866538760e-03
2.396166134185303415e-02
4.338510980182110760e-02
1.754385964912279772e-01
2.396166134185303415e-02
1.052631578947368571e-02
1.308350831852689647e-02
1.902897415818324001e-01
6.674082313681868259e-03
5.397987191216833958e-02
2.501525320317266737e-02
8.292682926829267331e-02
1.836514223982715216e-02
1.176839792876196479e-02
6.674082313681868259e-03
2.501525320317266737e-02
1.520784048665089518e-02
5.908944139489826636e-02
3.660322108345533815e-02
6.798866855524078601e-02
4.729729729729730686e-02
2.501525320317266737e-02
7.494322482967447074e-02
8.292682926829267331e-02
7.182087029995775154e-03
3.876970793486688664e-03
2.842377260981912221e-02
1.673640167364016593e-02
1.113861386138613810e-02
2.610857853294653794e-02
3.364485981308410617e-02
1.447828257613579563e-02
1.159874608150470304e-01
3.225806451612903830e-02
1.308350831852689647e-02
3.509190737646217251e-02
3.660322108345533815e-02
9.218612818261633091e-02
2.509960159362548127e-01
9.930785434848028378e-03
6.798866855524078601e-02
1.673640167364016593e-02
2.010424422933730637e-02
2.965077970568855831e-02
9.351343327890752552e-03
2.010424422933730637e-02
4.729729729729730686e-02
2.610857853294653794e-02
2.196531791907514741e-02
1.596018534408786757e-02
2.196531791907514741e-02
1.447828257613579563e-02
1.447828257613579563e-02
3.818317943598702191e-02
5.397987191216833958e-02
1.241642788920725889e-02
2.294567562267111477e-02
2.196531791907514741e-02
2.396166134185303415e-02
4.940768563998843704e-02
2.196531791907514741e-02
2.101874644953607291e-02
2.396166134185303415e-02
3.225806451612903830e-02
1.308350831852689647e-02
2.273972602739725846e-01
1.308350831852689647e-02
1.596018534408786757e-02
2.010424422933730637e-02
1.241642788920725889e-02
7.703281027104137701e-03
2.396166134185303415e-02
7.703281027104137701e-03
1.673640167364016593e-02
7.135016465422612530e-02
1.596018534408786757e-02
1.509677419354839012e-01
4.940768563998843704e-02
1.754385964912279772e-01
2.294567562267111477e-02
1.836514223982715216e-02
1.241642788920725889e-02
2.101874644953607291e-02
9.218612818261633091e-02
2.273972602739725846e-01
2.396166134185303415e-02
1.447828257613579563e-02
1.176839792876196479e-02
2.501525320317266737e-02
5.646173149309911127e-02
1.234229292375205317e-01
7.703281027104137701e-03
2.196531791907514741e-02
2.610857853294653794e-02
4.940768563998843704e-02
1.922020867655134524e-02
8.238184708772943940e-03
1.377049180327869111e-02
1.922020867655134524e-02
5.908944139489826636e-02
1.176839792876196479e-02
6.798866855524078601e-02
3.983656792645555444e-02
1.316397228637413430e-01
7.703281027104137701e-03
1.377049180327869111e-02
7.182087029995775154e-03
9.351343327890752552e-03
9.930785434848028378e-03
1.624400274160383573e-01
1.753764393268378990e-02
1.520784048665089518e-02
5.397987191216833958e-02
1.673640167364016593e-02
1.836514223982715216e-02
1.241642788920725889e-02
1.753764393268378990e-02
9.930785434848028378e-03
1.753764393268378990e-02
1.836514223982715216e-02
1.377049180327869111e-02
2.294567562267111477e-02
1.673640167364016593e-02
1.176839792876196479e-02
1.836514223982715216e-02
1.052631578947368571e-02
7.182087029995775154e-03
3.092783505154639290e-02
1.520784048665089518e-02
2.074198988195614102e-01
1.176839792876196479e-02
4.315417810906238202e-03
2.101874644953607291e-02
1.624400274160383573e-01
1.447828257613579563e-02
2.610857853294653794e-02
4.863387978142068024e-01
3.364485981308410617e-02
3.509190737646217251e-02
3.570451436388509259e-01
3.983656792645555444e-02
2.610857853294653794e-02
1.241642788920725889e-02
1.596018534408786757e-02
1.922020867655134524e-02
2.396166134185303415e-02
3.509190737646217251e-02
3.364485981308410617e-02
1.377049180327869111e-02
6.674082313681868259e-03
2.010424422933730637e-02
1.241642788920725889e-02
1.052631578947368571e-02
1.922020867655134524e-02
1.596018534408786757e-02
3.818317943598702191e-02
1.176839792876196479e-02
1.624400274160383573e-01
3.818317943598702191e-02
7.135016465422612530e-02
4.940768563998843704e-02
2.010424422933730637e-02
1.377049180327869111e-02
5.908944139489826636e-02
1.447828257613579563e-02
1.316397228637413430e-01
2.273972602739725846e-01
2.396166134185303415e-02
4.729729729729730686e-02
1.052631578947368571e-02
1.030534351145038219e-01
3.983656792645555444e-02
2.196531791907514741e-02
1.377049180327869111e-02
1.447828257613579563e-02
3.092783505154639290e-02
1.308350831852689647e-02
2.610857853294653794e-02
1.030534351145038219e-01
1.308350831852689647e-02
1.836514223982715216e-02
3.983656792645555444e-02
2.792990142387732910e-01
1.922020867655134524e-02
1.520784048665089518e-02
1.753764393268378990e-02
1.596018534408786757e-02
2.724392819429778678e-02
3.225806451612903830e-02
1.316397228637413430e-01
6.798866855524078601e-02
2.101874644953607291e-02
1.836514223982715216e-02
3.818317943598702191e-02
6.187624750499001042e-02
3.138686131386863587e-01
6.187624750499001042e-02
1.836514223982715216e-02
1.520784048665089518e-02
1.316397228637413430e-01
1.113861386138613810e-02
4.156862745098038880e-02
8.787346221441123817e-03
1.113861386138613810e-02
2.010424422933730637e-02
1.520784048665089518e-02
2.501525320317266737e-02
2.101874644953607291e-02
5.163204747774481629e-02
2.196531791907514741e-02
1.234229292375205317e-01
2.965077970568855831e-02
2.294567562267111477e-02
3.364485981308410617e-02
1.308350831852689647e-02
5.695687550854353944e-03
1.624400274160383573e-01
1.596018534408786757e-02
6.178772483866538760e-03
2.501525320317266737e-02
1.176839792876196479e-02
1.520784048665089518e-02
4.124999999999997558e-01
1.407678244972578319e-01
3.876970793486688664e-03
4.729729729729730686e-02
5.163204747774481629e-02
9.351343327890752552e-03
1.520784048665089518e-02
1.234229292375205317e-01
1.753764393268378990e-02
9.930785434848028378e-03
2.010424422933730637e-02
7.703281027104137701e-03
1.624400274160383573e-01
1.753764393268378990e-02
3.818317943598702191e-02
1.624400274160383573e-01
1.596018534408786757e-02
7.182087029995775154e-03
1.447828257613579563e-02
1.407678244972578319e-01
1.176839792876196479e-02
7.182087029995775154e-03
1.922020867655134524e-02
1.902897415818324001e-01
2.294567562267111477e-02
1.836514223982715216e-02
1.030534351145038219e-01
1.836514223982715216e-02
1.902897415818324001e-01
2.396166134185303415e-02
4.529234147680483158e-02
1.673640167364016593e-02
2.396166134185303415e-02
1.113861386138613810e-02
7.135016465422612530e-02
1.377049180327869111e-02
1.447828257613579563e-02
3.983656792645555444e-02
8.292682926829267331e-02
8.787346221441123817e-03
2.610857853294653794e-02
2.101874644953607291e-02
4.764425622022234151e-03
3.983656792645555444e-02
1.447828257613579563e-02
7.182087029995775154e-03
2.396166134185303415e-02
6.483704974271012333e-02
1.673640167364016593e-02
1.241642788920725889e-02
1.753764393268378990e-02
7.182087029995775154e-03
1.377049180327869111e-02
1.447828257613579563e-02
4.940768563998843704e-02
7.494322482967447074e-02
2.396166134185303415e-02
4.338510980182110760e-02
2.965077970568855831e-02
2.196531791907514741e-02
1.113861386138613810e-02
3.225806451612903830e-02
7.494322482967447074e-02
2.396166134185303415e-02
1.596018534408786757e-02
2.101874644953607291e-02
1.377049180327869111e-02
1.447828257613579563e-02
4.124999999999997558e-01
2.509960159362548127e-01
6.798866855524078601e-02
1.052631578947368571e-02
6.187624750499001042e-02
3.983656792645555444e-02
2.509960159362548127e-01
1.447828257613579563e-02
7.182087029995775154e-03
9.930785434848028378e-03
8.737864077669900420e-02
9.351343327890752552e-03
2.101874644953607291e-02
2.010424422933730637e-02
1.241642788920725889e-02
2.610857853294653794e-02
3.509190737646217251e-02
8.292682926829267331e-02
4.940768563998843704e-02
8.292682926829267331e-02
2.273972602739725846e-01
1.052631578947368571e-02
1.447828257613579563e-02
1.520784048665089518e-02
3.225806451612903830e-02
1.509677419354839012e-01
8.737864077669900420e-02
3.448716311150849985e-03
1.673640167364016593e-02
1.596018534408786757e-02
5.163204747774481629e-02
1.509677419354839012e-01
3.818317943598702191e-02
8.292682926829267331e-02
5.163204747774481629e-02
4.529234147680483158e-02
2.842377260981912221e-02
2.842377260981912221e-02
4.764425622022234151e-03
3.448716311150849985e-03
1.596018534408786757e-02
3.092783505154639290e-02
2.396166134185303415e-02
1.673640167364016593e-02
7.135016465422612530e-02
1.520784048665089518e-02
3.570451436388509259e-01
1.596018534408786757e-02
1.520784048665089518e-02
2.010424422933730637e-02
2.610857853294653794e-02
1.447828257613579563e-02
1.596018534408786757e-02
3.660322108345533815e-02
1.902897415818324001e-01
5.646173149309911127e-02
2.610857853294653794e-02
2.396166134185303415e-02
1.596018534408786757e-02
6.483704974271012333e-02
1.447828257613579563e-02
3.818317943598702191e-02
1.241642788920725889e-02
6.674082313681868259e-03
3.364485981308410617e-02
5.695687550854353944e-03
4.529234147680483158e-02
3.818317943598702191e-02
5.163204747774481629e-02
7.494322482967447074e-02
1.753764393268378990e-02
1.176839792876196479e-02
3.983656792645555444e-02
9.351343327890752552e-03
5.646173149309911127e-02
2.509960159362548127e-01
2.074198988195614102e-01
3.983656792645555444e-02
8.292682926829267331e-02
3.509190737646217251e-02
1.308350831852689647e-02
7.703281027104137701e-03
2.010424422933730637e-02
2.101874644953607291e-02
7.135016465422612530e-02
1.673640167364016593e-02
9.218612818261633091e-02
2.501525320317266737e-02
1.234229292375205317e-01
4.940768563998843704e-02
4.863387978142068024e-01
2.396166134185303415e-02
6.483704974271012333e-02
6.798866855524078601e-02
8.737864077669900420e-02
1.052631578947368571e-02
1.596018534408786757e-02
2.294567562267111477e-02
9.930785434848028378e-03
3.030303030303030300e-03
3.138686131386863587e-01
8.292682926829267331e-02
3.983656792645555444e-02
1.520784048665089518e-02
5.646173149309911127e-02
6.178772483866538760e-03
1.753764393268378990e-02
1.922020867655134524e-02
1.241642788920725889e-02
2.965077970568855831e-02
6.798866855524078601e-02
1.113861386138613810e-02
5.908944139489826636e-02
1.308350831852689647e-02
2.724392819429778678e-02
9.930785434848028378e-03
3.225806451612903830e-02
1.447828257613579563e-02
5.163204747774481629e-02
4.940768563998843704e-02
1.596018534408786757e-02
9.930785434848028378e-03
1.113861386138613810e-02
1.052631578947368571e-02
1.922020867655134524e-02
3.225806451612903830e-02
1.308350831852689647e-02
4.940768563998843704e-02
3.092783505154639290e-02
2.842377260981912221e-02
7.135016465422612530e-02
9.739368998628254726e-02
1.673640167364016593e-02
1.407678244972578319e-01
8.787346221441123817e-03
1.520784048665089518e-02
1.176839792876196479e-02
1.520784048665089518e-02
1.509677419354839012e-01
2.196531791907514741e-02
2.074198988195614102e-01
7.135016465422612530e-02
1.447828257613579563e-02
3.364485981308410617e-02
7.182087029995775154e-03
1.520784048665089518e-02
1.596018534408786757e-02
2.101874644953607291e-02
3.818317943598702191e-02
5.397987191216833958e-02
1.673640167364016593e-02
9.930785434848028378e-03
3.818317943598702191e-02
2.010424422933730637e-02
1.836514223982715216e-02
1.030534351145038219e-01
7.703281027104137701e-03
1.836514223982715216e-02
5.163204747774481629e-02
1.509677419354839012e-01
1.176839792876196479e-02
1.241642788920725889e-02
8.238184708772943940e-03
3.225806451612903830e-02
4.729729729729730686e-02
1.922020867655134524e-02
2.010424422933730637e-02
1.447828257613579563e-02
3.660322108345533815e-02
6.674082313681868259e-03
1.234229292375205317e-01
1.753764393268378990e-02
9.930785434848028378e-03
1.176839792876196479e-02
1.520784048665089518e-02
9.351343327890752552e-03
4.529234147680483158e-02
6.483704974271012333e-02
9.351343327890752552e-03
2.965077970568855831e-02
1.308350831852689647e-02
7.494322482967447074e-02
2.842377260981912221e-02
8.787346221441123817e-03
1.092269326683291547e-01
2.101874644953607291e-02
1.377049180327869111e-02
2.501525320317266737e-02
1.922020867655134524e-02
8.238184708772943940e-03
1.377049180327869111e-02
1.113861386138613810e-02
4.529234147680483158e-02
6.674082313681868259e-03
9.351343327890752552e-03
4.529234147680483158e-02
4.156862745098038880e-02
6.483704974271012333e-02
2.294567562267111477e-02
5.895196506550214322e-01
3.092783505154639290e-02
5.646173149309911127e-02
2.273972602739725846e-01
2.273972602739725846e-01
3.660322108345533815e-02
2.610857853294653794e-02
1.836514223982715216e-02
1.520784048665089518e-02
4.940768563998843704e-02
2.724392819429778678e-02
3.092783505154639290e-02
7.879263034104273811e-02
1.836514223982715216e-02
1.377049180327869111e-02
3.509190737646217251e-02
1.052631578947368571e-02
1.596018534408786757e-02
1.922020867655134524e-02
9.351343327890752552e-03
4.729729729729730686e-02
3.092783505154639290e-02
1.308350831852689647e-02
1.836514223982715216e-02
2.196531791907514741e-02
3.225806451612903830e-02
9.351343327890752552e-03
8.292682926829267331e-02
2.610857853294653794e-02
3.225806451612903830e-02
6.798866855524078601e-02
8.292682926829267331e-02
1.447828257613579563e-02
1.836514223982715216e-02
1.377049180327869111e-02
3.983656792645555444e-02
1.922020867655134524e-02
2.101874644953607291e-02
3.364485981308410617e-02
1.753764393268378990e-02
2.965077970568855831e-02
2.501525320317266737e-02
2.509960159362548127e-01
1.836514223982715216e-02
1.836514223982715216e-02
1.159874608150470304e-01
1.176839792876196479e-02
2.724392819429778678e-02
5.224380442062959845e-03
1.113861386138613810e-02
1.922020867655134524e-02
2.724392819429778678e-02
9.930785434848028378e-03
7.703281027104137701e-03
1.377049180327869111e-02
5.397987191216833958e-02
2.396166134185303415e-02
4.156862745098038880e-02
7.135016465422612530e-02
1.052631578947368571e-02
1.673640167364016593e-02
2.501525320317266737e-02
1.447828257613579563e-02
1.520784048665089518e-02
2.501525320317266737e-02
2.792990142387732910e-01
4.124999999999997558e-01
3.364485981308410617e-02
1.922020867655134524e-02
6.187624750499001042e-02
1.596018534408786757e-02
1.624400274160383573e-01
8.292682926829267331e-02
1.836514223982715216e-02
1.113861386138613810e-02
3.983656792645555444e-02
1.520784048665089518e-02
2.724392819429778678e-02
2.509960159362548127e-01
1.673640167364016593e-02
8.737864077669900420e-02
2.010424422933730637e-02
6.798866855524078601e-02
1.596018534408786757e-02
9.930785434848028378e-03
2.010424422933730637e-02
3.138686131386863587e-01
4.529234147680483158e-02
1.176839792876196479e-02
1.753764393268378990e-02
2.509960159362548127e-01
4.338510980182110760e-02
1.308350831852689647e-02
4.940768563998843704e-02
4.729729729729730686e-02
5.646173149309911127e-02
2.196531791907514741e-02
1.377049180327869111e-02
1.836514223982715216e-02
2.074198988195614102e-01
5.163204747774481629e-02
3.509190737646217251e-02
6.187624750499001042e-02
2.101874644953607291e-02
2.196531791907514741e-02
2.501525320317266737e-02
1.624400274160383573e-01
8.238184708772943940e-03
3.983656792645555444e-02
2.501525320317266737e-02
2.724392819429778678e-02
1.922020867655134524e-02
2.396166134185303415e-02
1.520784048665089518e-02
1.520784048665089518e-02
3.818317943598702191e-02
1.377049180327869111e-02
1.520784048665089518e-02
3.983656792645555444e-02
2.509960159362548127e-01
2.010424422933730637e-02
2.294567562267111477e-02
4.338510980182110760e-02
1.447828257613579563e-02
1.836514223982715216e-02
8.787346221441123817e-03
1.902897415818324001e-01
2.074198988195614102e-01
1.509677419354839012e-01
1.113861386138613810e-02
1.447828257613579563e-02
3.660322108345533815e-02
1.030534351145038219e-01
1.159874608150470304e-01
4.940768563998843704e-02
1.113861386138613810e-02
9.930785434848028378e-03
2.792990142387732910e-01
3.225806451612903830e-02
5.908944139489826636e-02
1.673640167364016593e-02
1.922020867655134524e-02
7.703281027104137701e-03
1.922020867655134524e-02
2.842377260981912221e-02
1.113861386138613810e-02
1.377049180327869111e-02
1.520784048665089518e-02
3.225806451612903830e-02
1.520784048665089518e-02
1.377049180327869111e-02
4.156862745098038880e-02
7.879263034104273811e-02
3.818317943598702191e-02
9.739368998628254726e-02
1.176839792876196479e-02
1.308350831852689647e-02
1.520784048665089518e-02
3.509190737646217251e-02
3.138686131386863587e-01
3.225806451612903830e-02
1.052631578947368571e-02
1.902897415818324001e-01
1.673640167364016593e-02
5.397987191216833958e-02
2.610857853294653794e-02
2.074198988195614102e-01
3.509190737646217251e-02
4.338510980182110760e-02
1.308350831852689647e-02
1.447828257613579563e-02
4.940768563998843704e-02
9.930785434848028378e-03
2.610857853294653794e-02
1.241642788920725889e-02
6.483704974271012333e-02
1.407678244972578319e-01
2.294567562267111477e-02
1.176839792876196479e-02
1.922020867655134524e-02
2.501525320317266737e-02
1.836514223982715216e-02
8.238184708772943940e-03
4.338510980182110760e-02
1.159874608150470304e-01
2.610857853294653794e-02
1.596018534408786757e-02
3.660322108345533815e-02
5.224380442062959845e-03
7.703281027104137701e-03
2.501525320317266737e-02
1.234229292375205317e-01
1.377049180327869111e-02
7.879263034104273811e-02
1.176839792876196479e-02
2.294567562267111477e-02
1.753764393268378990e-02
1.308350831852689647e-02
2.501525320317266737e-02
1.308350831852689647e-02
4.940768563998843704e-02
1.407678244972578319e-01
1.596018534408786757e-02
2.196531791907514741e-02
3.509190737646217251e-02
3.660322108345533815e-02
1.308350831852689647e-02
3.570451436388509259e-01
4.156862745098038880e-02
4.338510980182110760e-02
8.292682926829267331e-02
2.273972602739725846e-01
1.753764393268378990e-02
6.187624750499001042e-02
5.908944139489826636e-02
2.509960159362548127e-01
1.092269326683291547e-01
2.842377260981912221e-02
2.294567562267111477e-02
5.397987191216833958e-02
2.724392819429778678e-02
3.983656792645555444e-02
2.196531791907514741e-02
1.753764393268378990e-02
2.509960159362548127e-01
2.294567562267111477e-02
2.010424422933730637e-02
5.397987191216833958e-02
2.965077970568855831e-02
3.983656792645555444e-02
2.101874644953607291e-02
3.509190737646217251e-02
1.520784048665089518e-02
1.520784048665089518e-02
1.241642788920725889e-02
4.940768563998843704e-02
2.501525320317266737e-02
1.624400274160383573e-01
2.396166134185303415e-02
1.836514223982715216e-02
5.397987191216833958e-02
2.509960159362548127e-01
2.509960159362548127e-01
2.509960159362548127e-01
3.030303030303030300e-03
6.178772483866538760e-03
1.308350831852689647e-02
1.377049180327869111e-02
3.138686131386863587e-01
7.703281027104137701e-03
2.196531791907514741e-02
9.930785434848028378e-03
1.509677419354839012e-01
1.596018534408786757e-02
8.737864077669900420e-02
1.902897415818324001e-01
2.273972602739725846e-01
9.930785434848028378e-03
2.294567562267111477e-02
5.908944139489826636e-02
2.010424422933730637e-02
5.397987191216833958e-02
2.610857853294653794e-02
3.364485981308410617e-02
9.351343327890752552e-03
2.010424422933730637e-02
1.509677419354839012e-01
2.509960159362548127e-01
2.010424422933730637e-02
2.724392819429778678e-02
1.520784048665089518e-02
2.724392819429778678e-02
2.501525320317266737e-02
1.596018534408786757e-02
1.176839792876196479e-02
2.965077970568855831e-02
9.351343327890752552e-03
3.570451436388509259e-01
3.030303030303030300e-03
3.570451436388509259e-01
1.922020867655134524e-02
1.159874608150470304e-01
3.225806451612903830e-02
2.010424422933730637e-02
1.624400274160383573e-01
6.674082313681868259e-03
3.225806451612903830e-02
6.178772483866538760e-03
6.178772483866538760e-03
2.842377260981912221e-02
3.660322108345533815e-02
1.922020867655134524e-02
8.787346221441123817e-03
1.316397228637413430e-01
2.101874644953607291e-02
1.176839792876196479e-02
1.520784048665089518e-02
2.196531791907514741e-02
2.294567562267111477e-02
2.501525320317266737e-02
1.113861386138613810e-02
7.879263034104273811e-02
2.273972602739725846e-01
4.940768563998843704e-02
5.908944139489826636e-02
5.163204747774481629e-02
1.176839792876196479e-02
2.074198988195614102e-01
9.930785434848028378e-03
3.225806451612903830e-02
4.338510980182110760e-02
1.377049180327869111e-02
1.673640167364016593e-02
1.447828257613579563e-02
1.753764393268378990e-02
5.224380442062959845e-03
6.674082313681868259e-03
3.983656792645555444e-02
5.163204747774481629e-02
1.673640167364016593e-02
1.673640167364016593e-02
1.308350831852689647e-02
3.364485981308410617e-02
1.673640167364016593e-02
7.135016465422612530e-02
5.163204747774481629e-02
1.922020867655134524e-02
3.983656792645555444e-02
2.101874644953607291e-02
7.182087029995775154e-03
1.052631578947368571e-02
6.187624750499001042e-02
1.447828257613579563e-02
1.377049180327869111e-02
2.724392819429778678e-02
1.316397228637413430e-01
1.922020867655134524e-02
1.407678244972578319e-01
1.092269326683291547e-01
3.570451436388509259e-01
6.798866855524078601e-02
6.798866855524078601e-02
1.113861386138613810e-02
1.308350831852689647e-02
1.159874608150470304e-01
7.879263034104273811e-02
2.010424422933730637e-02
3.660322108345533815e-02
1.836514223982715216e-02
2.010424422933730637e-02
1.447828257613579563e-02
1.241642788920725889e-02
1.176839792876196479e-02
1.520784048665089518e-02
2.010424422933730637e-02
2.101874644953607291e-02
3.509190737646217251e-02
1.836514223982715216e-02
1.377049180327869111e-02
1.922020867655134524e-02
1.902897415818324001e-01
5.224380442062959845e-03
1.509677419354839012e-01
7.182087029995775154e-03
2.501525320317266737e-02
2.196531791907514741e-02
1.509677419354839012e-01
1.673640167364016593e-02
1.377049180327869111e-02
1.596018534408786757e-02
1.596018534408786757e-02
3.983656792645555444e-02
4.338510980182110760e-02
1.052631578947368571e-02
1.176839792876196479e-02
8.737864077669900420e-02
1.447828257613579563e-02
2.196531791907514741e-02
7.135016465422612530e-02
1.754385964912279772e-01
9.930785434848028378e-03
1.447828257613579563e-02
1.308350831852689647e-02
2.724392819429778678e-02
9.930785434848028378e-03
4.729729729729730686e-02
1.176839792876196479e-02
2.101874644953607291e-02
1.520784048665089518e-02
2.294567562267111477e-02
2.010424422933730637e-02
4.315417810906238202e-03
1.113861386138613810e-02
2.196531791907514741e-02
4.940768563998843704e-02
3.092783505154639290e-02
3.092783505154639290e-02
3.364485981308410617e-02
1.922020867655134524e-02
1.176839792876196479e-02
1.673640167364016593e-02
1.624400274160383573e-01
7.703281027104137701e-03
1.509677419354839012e-01
7.182087029995775154e-03
3.225806451612903830e-02
1.447828257613579563e-02
4.338510980182110760e-02
3.138686131386863587e-01
3.225806451612903830e-02
1.407678244972578319e-01
7.703281027104137701e-03
1.520784048665089518e-02
1.159874608150470304e-01
3.092783505154639290e-02
1.030534351145038219e-01
2.294567562267111477e-02
4.338510980182110760e-02
3.225806451612903830e-02
2.509960159362548127e-01
4.338510980182110760e-02
3.092783505154639290e-02
2.724392819429778678e-02
1.176839792876196479e-02
9.930785434848028378e-03
2.294567562267111477e-02
2.196531791907514741e-02
1.052631578947368571e-02
1.407678244972578319e-01
7.703281027104137701e-03
1.377049180327869111e-02
1.836514223982715216e-02
2.396166134185303415e-02
6.178772483866538760e-03
6.674082313681868259e-03
1.596018534408786757e-02
1.052631578947368571e-02
1.520784048665089518e-02
9.351343327890752552e-03
2.196531791907514741e-02
2.396166134185303415e-02
1.922020867655134524e-02
1.520784048665089518e-02
1.922020867655134524e-02
3.660322108345533815e-02
7.135016465422612530e-02
4.156862745098038880e-02
2.074198988195614102e-01
1.836514223982715216e-02
1.922020867655134524e-02
3.509190737646217251e-02
1.922020867655134524e-02
1.176839792876196479e-02
1.673640167364016593e-02
1.836514223982715216e-02
1.836514223982715216e-02
1.241642788920725889e-02
4.529234147680483158e-02
7.135016465422612530e-02
2.101874644953607291e-02
6.674082313681868259e-03
2.501525320317266737e-02
5.695687550854353944e-03
1.308350831852689647e-02
4.729729729729730686e-02
4.729729729729730686e-02
1.316397228637413430e-01
2.501525320317266737e-02
2.294567562267111477e-02
4.529234147680483158e-02
4.338510980182110760e-02
6.187624750499001042e-02
2.010424422933730637e-02
1.596018534408786757e-02
1.159874608150470304e-01
9.351343327890752552e-03
1.234229292375205317e-01
1.902897415818324001e-01
1.447828257613579563e-02
4.940768563998843704e-02
4.729729729729730686e-02
1.030534351145038219e-01
1.052631578947368571e-02
2.101874644953607291e-02
1.113861386138613810e-02
5.895196506550214322e-01
2.792990142387732910e-01
1.377049180327869111e-02
1.113861386138613810e-02
3.818317943598702191e-02
2.396166134185303415e-02
9.930785434848028378e-03
3.660322108345533815e-02
2.074198988195614102e-01
2.101874644953607291e-02
1.922020867655134524e-02
8.292682926829267331e-02
2.610857853294653794e-02
7.182087029995775154e-03
6.483704974271012333e-02
1.596018534408786757e-02
8.292682926829267331e-02
2.792990142387732910e-01
2.294567562267111477e-02
1.176839792876196479e-02
3.660322108345533815e-02
3.364485981308410617e-02
9.930785434848028378e-03
1.836514223982715216e-02
5.646173149309911127e-02
7.703281027104137701e-03
3.660322108345533815e-02
1.308350831852689647e-02
1.447828257613579563e-02
1.902897415818324001e-01
9.930785434848028378e-03
1.308350831852689647e-02
1.902897415818324001e-01
7.494322482967447074e-02
1.377049180327869111e-02
2.396166134185303415e-02
3.983656792645555444e-02
2.010424422933730637e-02
2.196531791907514741e-02
2.294567562267111477e-02
1.596018534408786757e-02
2.294567562267111477e-02
2.196531791907514741e-02
1.308350831852689647e-02
6.798866855524078601e-02
4.764425622022234151e-03
2.294567562267111477e-02
1.447828257613579563e-02
3.660322108345533815e-02
1.407678244972578319e-01
8.292682926829267331e-02
3.660322108345533815e-02
1.241642788920725889e-02
1.308350831852689647e-02
2.965077970568855831e-02
1.753764393268378990e-02
1.624400274160383573e-01
4.529234147680483158e-02
1.753764393268378990e-02
1.922020867655134524e-02
3.509190737646217251e-02
6.483704974271012333e-02
4.529234147680483158e-02
4.338510980182110760e-02
3.364485981308410617e-02
7.182087029995775154e-03
4.156862745098038880e-02
1.308350831852689647e-02
9.930785434848028378e-03
1.447828257613579563e-02
4.338510980182110760e-02
1.520784048665089518e-02
6.798866855524078601e-02
1.922020867655134524e-02
2.196531791907514741e-02
1.836514223982715216e-02
8.292682926829267331e-02
1.447828257613579563e-02
7.182087029995775154e-03
5.163204747774481629e-02
2.294567562267111477e-02
1.836514223982715216e-02
1.308350831852689647e-02
1.241642788920725889e-02
2.010424422933730637e-02
1.902897415818324001e-01
7.703281027104137701e-03
1.754385964912279772e-01
1.308350831852689647e-02
1.241642788920725889e-02
5.397987191216833958e-02
1.596018534408786757e-02
1.377049180327869111e-02
3.092783505154639290e-02
1.520784048665089518e-02
5.908944139489826636e-02
3.983656792645555444e-02
1.113861386138613810e-02
5.646173149309911127e-02
7.879263034104273811e-02
2.610857853294653794e-02
3.364485981308410617e-02
1.753764393268378990e-02
4.529234147680483158e-02
6.798866855524078601e-02
2.294567562267111477e-02
1.624400274160383573e-01
9.930785434848028378e-03
4.156862745098038880e-02
1.624400274160383573e-01
2.010424422933730637e-02
1.520784048665089518e-02
6.798866855524078601e-02
1.176839792876196479e-02
1.902897415818324001e-01
2.509960159362548127e-01
2.101874644953607291e-02
2.010424422933730637e-02
3.509190737646217251e-02
6.187624750499001042e-02
2.074198988195614102e-01
2.010424422933730637e-02
2.294567562267111477e-02
2.074198988195614102e-01
2.610857853294653794e-02
2.842377260981912221e-02
2.610857853294653794e-02
3.570451436388509259e-01
1.520784048665089518e-02
1.596018534408786757e-02
2.196531791907514741e-02
1.673640167364016593e-02
1.596018534408786757e-02
1.753764393268378990e-02
1.030534351145038219e-01
4.156862745098038880e-02
4.338510980182110760e-02
3.983656792645555444e-02
2.724392819429778678e-02
3.364485981308410617e-02
3.092783505154639290e-02
2.610857853294653794e-02
1.754385964912279772e-01
2.724392819429778678e-02
5.224380442062959845e-03
1.447828257613579563e-02
1.902897415818324001e-01
1.113861386138613810e-02
1.241642788920725889e-02
5.908944139489826636e-02
2.842377260981912221e-02
1.836514223982715216e-02
3.660322108345533815e-02
1.308350831852689647e-02
9.351343327890752552e-03
3.660322108345533815e-02
1.447828257613579563e-02
1.241642788920725889e-02
3.509190737646217251e-02
2.509960159362548127e-01
3.509190737646217251e-02
3.983656792645555444e-02
3.983656792645555444e-02
2.010424422933730637e-02
2.101874644953607291e-02
1.447828257613579563e-02
1.234229292375205317e-01
1.836514223982715216e-02
3.818317943598702191e-02
3.818317943598702191e-02
1.377049180327869111e-02
2.509960159362548127e-01
7.182087029995775154e-03
6.178772483866538760e-03
3.983656792645555444e-02
2.101874644953607291e-02
6.483704974271012333e-02
3.570451436388509259e-01
1.052631578947368571e-02
5.224380442062959845e-03
1.753764393268378990e-02
3.660322108345533815e-02
1.624400274160383573e-01
1.176839792876196479e-02
1.052631578947368571e-02
7.879263034104273811e-02
1.753764393268378990e-02
1.922020867655134524e-02
1.596018534408786757e-02
1.113861386138613810e-02
2.501525320317266737e-02
1.922020867655134524e-02
4.338510980182110760e-02
2.724392819429778678e-02
6.187624750499001042e-02
1.836514223982715216e-02
1.836514223982715216e-02
1.922020867655134524e-02
1.092269326683291547e-01
3.092783505154639290e-02
3.660322108345533815e-02
1.052631578947368571e-02
4.529234147680483158e-02
2.101874644953607291e-02
3.570451436388509259e-01
1.753764393268378990e-02
1.176839792876196479e-02
4.156862745098038880e-02
5.908944139489826636e-02
4.529234147680483158e-02
2.294567562267111477e-02
2.396166134185303415e-02
7.703281027104137701e-03
2.501525320317266737e-02
1.836514223982715216e-02
4.124999999999997558e-01
1.922020867655134524e-02
4.156862745098038880e-02
2.294567562267111477e-02
3.660322108345533815e-02
4.338510980182110760e-02
3.225806451612903830e-02
1.241642788920725889e-02
5.163204747774481629e-02
2.724392819429778678e-02
4.764425622022234151e-03
1.922020867655134524e-02
1.520784048665089518e-02
3.364485981308410617e-02
2.196531791907514741e-02
1.176839792876196479e-02
8.238184708772943940e-03
1.447828257613579563e-02
2.294567562267111477e-02
3.983656792645555444e-02
2.074198988195614102e-01
3.983656792645555444e-02
2.101874644953607291e-02
1.753764393268378990e-02
5.163204747774481629e-02
1.836514223982715216e-02
4.729729729729730686e-02
6.187624750499001042e-02
6.798866855524078601e-02
2.842377260981912221e-02
2.610857853294653794e-02
2.010424422933730637e-02
2.010424422933730637e-02
1.377049180327869111e-02
2.010424422933730637e-02
2.501525320317266737e-02
2.010424422933730637e-02
8.737864077669900420e-02
1.308350831852689647e-02
1.052631578947368571e-02
4.156862745098038880e-02
1.176839792876196479e-02
5.908944139489826636e-02
1.407678244972578319e-01
2.196531791907514741e-02
1.520784048665089518e-02
2.010424422933730637e-02
1.753764393268378990e-02
3.364485981308410617e-02
1.753764393268378990e-02
2.724392819429778678e-02
4.124999999999997558e-01
8.292682926829267331e-02
1.052631578947368571e-02
7.703281027104137701e-03
1.596018534408786757e-02
1.241642788920725889e-02
1.377049180327869111e-02
2.294567562267111477e-02
3.660322108345533815e-02
1.922020867655134524e-02
5.163204747774481629e-02
2.101874644953607291e-02
5.397987191216833958e-02
1.052631578947368571e-02
1.407678244972578319e-01
9.351343327890752552e-03
5.163204747774481629e-02
1.902897415818324001e-01
7.135016465422612530e-02
3.509190737646217251e-02
5.908944139489826636e-02
2.294567562267111477e-02
3.092783505154639290e-02
4.940768563998843704e-02
7.703281027104137701e-03
1.520784048665089518e-02
2.965077970568855831e-02
1.596018534408786757e-02
2.509960159362548127e-01
8.238184708772943940e-03
1.922020867655134524e-02
6.483704974271012333e-02
7.135016465422612530e-02
1.673640167364016593e-02
1.836514223982715216e-02
2.501525320317266737e-02
1.176839792876196479e-02
1.113861386138613810e-02
1.030534351145038219e-01
9.930785434848028378e-03
3.509190737646217251e-02
2.294567562267111477e-02
3.818317943598702191e-02
1.673640167364016593e-02
2.396166134185303415e-02
6.483704974271012333e-02
9.351343327890752552e-03
2.965077970568855831e-02
8.238184708772943940e-03
8.787346221441123817e-03
3.983656792645555444e-02
1.922020867655134524e-02
5.397987191216833958e-02
4.729729729729730686e-02
9.218612818261633091e-02
7.182087029995775154e-03
2.294567562267111477e-02
1.753764393268378990e-02
1.922020867655134524e-02
5.163204747774481629e-02
1.753764393268378990e-02
3.660322108345533815e-02
3.983656792645555444e-02
1.447828257613579563e-02
2.010424422933730637e-02
1.176839792876196479e-02
3.509190737646217251e-02
5.908944139489826636e-02
2.294567562267111477e-02
1.377049180327869111e-02
1.836514223982715216e-02
2.010424422933730637e-02
3.660322108345533815e-02
1.922020867655134524e-02
1.596018534408786757e-02
1.407678244972578319e-01
2.010424422933730637e-02
4.156862745098038880e-02
1.447828257613579563e-02
1.241642788920725889e-02
1.596018534408786757e-02
2.101874644953607291e-02
3.225806451612903830e-02
4.156862745098038880e-02
4.729729729729730686e-02
3.092783505154639290e-02
7.182087029995775154e-03
6.187624750499001042e-02
8.787346221441123817e-03
1.902897415818324001e-01
4.529234147680483158e-02
3.983656792645555444e-02
2.101874644953607291e-02
8.292682926829267331e-02
1.176839792876196479e-02
1.836514223982715216e-02
3.660322108345533815e-02
4.729729729729730686e-02
1.596018534408786757e-02
2.010424422933730637e-02
2.396166134185303415e-02
2.965077970568855831e-02
3.570451436388509259e-01
7.494322482967447074e-02
6.187624750499001042e-02
2.509960159362548127e-01
9.351343327890752552e-03
4.156862745098038880e-02
1.447828257613579563e-02
1.241642788920725889e-02
7.182087029995775154e-03
1.052631578947368571e-02
1.052631578947368571e-02
1.596018534408786757e-02
2.610857853294653794e-02
1.596018534408786757e-02
2.396166134185303415e-02
1.753764393268378990e-02
3.818317943598702191e-02
2.610857853294653794e-02
2.965077970568855831e-02
1.308350831852689647e-02
4.940768563998843704e-02
3.660322108345533815e-02
1.377049180327869111e-02
2.010424422933730637e-02
2.196531791907514741e-02
2.294567562267111477e-02
1.596018534408786757e-02
2.842377260981912221e-02
2.501525320317266737e-02
4.529234147680483158e-02
1.596018534408786757e-02
4.338510980182110760e-02
9.930785434848028378e-03
4.338510980182110760e-02
9.930785434848028378e-03
2.101874644953607291e-02
1.316397228637413430e-01
1.113861386138613810e-02
1.836514223982715216e-02
5.646173149309911127e-02
1.836514223982715216e-02
9.351343327890752552e-03
1.836514223982715216e-02
3.092783505154639290e-02
1.052631578947368571e-02
2.010424422933730637e-02
3.983656792645555444e-02
2.196531791907514741e-02
1.241642788920725889e-02
1.509677419354839012e-01
3.509190737646217251e-02
2.509960159362548127e-01
2.273972602739725846e-01
5.908944139489826636e-02
2.724392819429778678e-02
6.798866855524078601e-02
7.703281027104137701e-03
2.010424422933730637e-02
7.494322482967447074e-02
4.729729729729730686e-02
1.753764393268378990e-02
1.922020867655134524e-02
3.092783505154639290e-02
3.818317943598702191e-02
3.225806451612903830e-02
1.673640167364016593e-02
4.529234147680483158e-02
9.351343327890752552e-03
4.338510980182110760e-02
1.447828257613579563e-02
4.338510980182110760e-02
1.052631578947368571e-02
2.294567562267111477e-02
1.241642788920725889e-02
1.753764393268378990e-02
1.447828257613579563e-02
9.351343327890752552e-03
3.138686131386863587e-01
4.529234147680483158e-02
1.377049180327869111e-02
2.101874644953607291e-02
1.596018534408786757e-02
1.673640167364016593e-02
5.908944139489826636e-02
5.908944139489826636e-02
5.397987191216833958e-02
2.273972602739725846e-01
1.241642788920725889e-02
1.308350831852689647e-02
4.729729729729730686e-02
2.101874644953607291e-02
3.364485981308410617e-02
2.724392819429778678e-02
2.196531791907514741e-02
1.176839792876196479e-02
2.196531791907514741e-02
1.052631578947368571e-02
1.673640167364016593e-02
1.673640167364016593e-02
2.396166134185303415e-02
1.447828257613579563e-02
2.010424422933730637e-02
3.818317943598702191e-02
4.729729729729730686e-02
1.520784048665089518e-02
7.703281027104137701e-03
1.596018534408786757e-02
1.308350831852689647e-02
1.596018534408786757e-02
1.308350831852689647e-02
1.377049180327869111e-02
5.646173149309911127e-02
1.673640167364016593e-02
3.092783505154639290e-02
2.509960159362548127e-01
9.930785434848028378e-03
1.241642788920725889e-02
1.308350831852689647e-02
3.092783505154639290e-02
1.052631578947368571e-02
3.364485981308410617e-02
2.842377260981912221e-02
1.407678244972578319e-01
9.930785434848028378e-03
4.338510980182110760e-02
2.610857853294653794e-02
2.842377260981912221e-02
1.836514223982715216e-02
1.836514223982715216e-02
1.407678244972578319e-01
7.703281027104137701e-03
2.294567562267111477e-02
4.156862745098038880e-02
2.101874644953607291e-02
4.338510980182110760e-02
1.836514223982715216e-02
7.703281027104137701e-03
1.241642788920725889e-02
9.351343327890752552e-03
4.764425622022234151e-03
1.176839792876196479e-02
1.447828257613579563e-02
1.509677419354839012e-01
2.792990142387732910e-01
1.596018534408786757e-02
7.703281027104137701e-03
1.447828257613579563e-02
1.509677419354839012e-01
2.010424422933730637e-02
2.842377260981912221e-02
2.294567562267111477e-02
2.196531791907514741e-02
1.520784048665089518e-02
1.377049180327869111e-02
2.294567562267111477e-02
4.729729729729730686e-02
1.836514223982715216e-02
1.520784048665089518e-02
7.879263034104273811e-02
1.113861386138613810e-02
1.673640167364016593e-02
4.940768563998843704e-02
5.163204747774481629e-02
2.010424422933730637e-02
1.673640167364016593e-02
1.447828257613579563e-02
1.052631578947368571e-02
5.908944139489826636e-02
1.113861386138613810e-02
1.052631578947368571e-02
4.156862745098038880e-02
1.836514223982715216e-02
1.596018534408786757e-02
1.052631578947368571e-02
4.940768563998843704e-02
4.863387978142068024e-01
1.377049180327869111e-02
4.338510980182110760e-02
5.163204747774481629e-02
1.520784048665089518e-02
2.101874644953607291e-02
2.610857853294653794e-02
1.316397228637413430e-01
6.187624750499001042e-02
6.187624750499001042e-02
1.030534351145038219e-01
4.764425622022234151e-03
1.836514223982715216e-02
1.092269326683291547e-01
4.529234147680483158e-02
3.876970793486688664e-03
8.787346221441123817e-03
1.176839792876196479e-02
2.101874644953607291e-02
6.483704974271012333e-02
5.908944139489826636e-02
1.673640167364016593e-02
3.660322108345533815e-02
6.483704974271012333e-02
1.922020867655134524e-02
1.377049180327869111e-02
1.596018534408786757e-02
7.879263034104273811e-02
1.596018534408786757e-02
3.225806451612903830e-02
1.113861386138613810e-02
1.596018534408786757e-02
4.729729729729730686e-02
1.753764393268378990e-02
4.338510980182110760e-02
2.273972602739725846e-01
1.377049180327869111e-02
9.930785434848028378e-03
6.187624750499001042e-02
2.610857853294653794e-02
1.308350831852689647e-02
1.052631578947368571e-02
2.842377260981912221e-02
2.273972602739725846e-01
4.729729729729730686e-02
1.754385964912279772e-01
9.930785434848028378e-03
4.729729729729730686e-02
1.113861386138613810e-02
1.520784048665089518e-02
6.187624750499001042e-02
1.308350831852689647e-02
2.842377260981912221e-02
4.729729729729730686e-02
1.377049180327869111e-02
1.447828257613579563e-02
3.364485981308410617e-02
1.052631578947368571e-02
2.792990142387732910e-01
2.294567562267111477e-02
2.509960159362548127e-01
8.292682926829267331e-02
1.836514223982715216e-02
1.176839792876196479e-02
7.135016465422612530e-02
1.447828257613579563e-02
1.052631578947368571e-02
6.798866855524078601e-02
2.196531791907514741e-02
9.930785434848028378e-03
4.940768563998843704e-02
4.156862745098038880e-02
4.338510980182110760e-02
9.351343327890752552e-03
1.241642788920725889e-02
3.509190737646217251e-02
9.739368998628254726e-02
6.674082313681868259e-03
3.818317943598702191e-02
1.836514223982715216e-02
9.930785434848028378e-03
4.338510980182110760e-02
5.397987191216833958e-02
1.509677419354839012e-01
8.238184708772943940e-03
1.673640167364016593e-02
4.729729729729730686e-02
1.113861386138613810e-02
3.818317943598702191e-02
2.294567562267111477e-02
1.377049180327869111e-02
1.753764393268378990e-02
2.010424422933730637e-02
2.509960159362548127e-01
2.273972602739725846e-01
1.596018534408786757e-02
1.377049180327869111e-02
3.983656792645555444e-02
2.101874644953607291e-02
2.196531791907514741e-02
3.983656792645555444e-02
7.703281027104137701e-03
2.101874644953607291e-02
2.196531791907514741e-02
1.052631578947368571e-02
2.010424422933730637e-02
9.930785434848028378e-03
4.940768563998843704e-02
2.294567562267111477e-02
1.902897415818324001e-01
5.163204747774481629e-02
6.798866855524078601e-02
2.396166134185303415e-02
1.673640167364016593e-02
1.673640167364016593e-02
7.182087029995775154e-03
4.940768563998843704e-02
2.294567562267111477e-02
2.101874644953607291e-02
6.674082313681868259e-03
1.673640167364016593e-02
5.163204747774481629e-02
1.624400274160383573e-01
4.940768563998843704e-02
2.501525320317266737e-02
1.308350831852689647e-02
3.092783505154639290e-02
1.673640167364016593e-02
8.737864077669900420e-02
1.113861386138613810e-02
1.902897415818324001e-01
1.753764393268378990e-02
1.753764393268378990e-02
1.234229292375205317e-01
3.570451436388509259e-01
2.074198988195614102e-01
2.509960159362548127e-01
2.101874644953607291e-02
1.596018534408786757e-02
1.241642788920725889e-02
1.308350831852689647e-02
3.509190737646217251e-02
8.292682926829267331e-02
9.930785434848028378e-03
1.447828257613579563e-02
3.364485981308410617e-02
1.596018534408786757e-02
4.156862745098038880e-02
1.377049180327869111e-02
1.447828257613579563e-02
1.596018534408786757e-02
1.241642788920725889e-02
2.610857853294653794e-02
4.729729729729730686e-02
1.673640167364016593e-02
1.308350831852689647e-02
7.703281027104137701e-03
1.753764393268378990e-02
1.673640167364016593e-02
1.377049180327869111e-02
2.610857853294653794e-02
7.879263034104273811e-02
2.101874644953607291e-02
1.176839792876196479e-02
3.092783505154639290e-02
7.135016465422612530e-02
4.156862745098038880e-02
7.879263034104273811e-02
6.798866855524078601e-02
1.241642788920725889e-02
2.101874644953607291e-02
2.074198988195614102e-01
6.483704974271012333e-02
2.196531791907514741e-02
2.273972602739725846e-01
3.509190737646217251e-02
6.798866855524078601e-02
4.764425622022234151e-03
2.294567562267111477e-02
1.836514223982715216e-02
2.101874644953607291e-02
5.163204747774481629e-02
7.703281027104137701e-03
2.294567562267111477e-02
2.196531791907514741e-02
1.922020867655134524e-02
4.529234147680483158e-02
3.818317943598702191e-02
1.753764393268378990e-02
2.196531791907514741e-02
3.225806451612903830e-02
3.225806451612903830e-02
2.396166134185303415e-02
2.501525320317266737e-02
1.922020867655134524e-02
3.818317943598702191e-02
4.338510980182110760e-02
2.724392819429778678e-02
2.842377260981912221e-02
2.074198988195614102e-01
2.396166134185303415e-02
2.396166134185303415e-02
1.673640167364016593e-02
2.396166134185303415e-02
2.724392819429778678e-02
3.509190737646217251e-02
1.596018534408786757e-02
2.965077970568855831e-02
7.703281027104137701e-03
1.596018534408786757e-02
2.792990142387732910e-01
2.074198988195614102e-01
1.176839792876196479e-02
1.922020867655134524e-02
1.030534351145038219e-01
1.673640167364016593e-02
1.596018534408786757e-02
5.646173149309911127e-02
1.520784048665089518e-02
4.338510980182110760e-02
1.753764393268378990e-02
6.674082313681868259e-03
1.377049180327869111e-02
2.294567562267111477e-02
5.224380442062959845e-03
1.113861386138613810e-02
1.308350831852689647e-02
1.596018534408786757e-02
2.101874644953607291e-02
1.241642788920725889e-02
3.660322108345533815e-02
7.494322482967447074e-02
9.930785434848028378e-03
3.138686131386863587e-01
2.965077970568855831e-02
2.010424422933730637e-02
1.520784048665089518e-02
1.447828257613579563e-02
1.113861386138613810e-02
7.182087029995775154e-03
3.364485981308410617e-02
3.225806451612903830e-02
2.196531791907514741e-02
4.338510980182110760e-02
2.294567562267111477e-02
1.596018534408786757e-02
1.241642788920725889e-02
9.218612818261633091e-02
2.396166134185303415e-02
3.225806451612903830e-02
2.101874644953607291e-02
1.836514223982715216e-02
3.983656792645555444e-02
1.241642788920725889e-02
1.241642788920725889e-02
3.570451436388509259e-01
1.447828257613579563e-02
1.241642788920725889e-02
2.196531791907514741e-02
2.396166134185303415e-02
1.836514223982715216e-02
2.010424422933730637e-02
4.156862745098038880e-02
2.101874644953607291e-02
2.792990142387732910e-01
3.570451436388509259e-01
7.182087029995775154e-03
1.113861386138613810e-02
5.646173149309911127e-02
1.159874608150470304e-01
1.241642788920725889e-02
1.113861386138613810e-02
1.902897415818324001e-01
3.364485981308410617e-02
1.176839792876196479e-02
3.983656792645555444e-02
2.101874644953607291e-02
4.338510980182110760e-02
7.703281027104137701e-03
1.447828257613579563e-02
3.660322108345533815e-02
2.196531791907514741e-02
5.397987191216833958e-02
2.196531791907514741e-02
4.156862745098038880e-02
1.447828257613579563e-02
2.610857853294653794e-02
3.660322108345533815e-02
3.364485981308410617e-02
1.836514223982715216e-02
6.187624750499001042e-02
6.187624750499001042e-02
2.294567562267111477e-02
3.509190737646217251e-02
2.101874644953607291e-02
9.930785434848028378e-03
2.196531791907514741e-02
3.983656792645555444e-02
1.316397228637413430e-01
7.879263034104273811e-02
4.156862745098038880e-02
3.364485981308410617e-02
9.351343327890752552e-03
2.396166134185303415e-02
1.092269326683291547e-01
1.673640167364016593e-02
3.364485981308410617e-02
2.196531791907514741e-02
1.241642788920725889e-02
4.529234147680483158e-02
1.113861386138613810e-02
7.703281027104137701e-03
1.447828257613579563e-02
2.842377260981912221e-02
3.818317943598702191e-02
3.092783505154639290e-02
6.483704974271012333e-02
1.447828257613579563e-02
1.922020867655134524e-02
3.660322108345533815e-02
1.753764393268378990e-02
2.396166134185303415e-02
1.922020867655134524e-02
2.965077970568855831e-02
6.178772483866538760e-03
2.010424422933730637e-02
9.930785434848028378e-03
1.241642788920725889e-02
3.138686131386863587e-01
1.624400274160383573e-01
2.792990142387732910e-01
1.673640167364016593e-02
3.876970793486688664e-03
5.224380442062959845e-03
2.010424422933730637e-02
5.163204747774481629e-02
4.940768563998843704e-02
1.673640167364016593e-02
6.674082313681868259e-03
5.163204747774481629e-02
1.377049180327869111e-02
5.908944139489826636e-02
1.176839792876196479e-02
1.241642788920725889e-02
1.520784048665089518e-02
8.787346221441123817e-03
1.596018534408786757e-02
1.753764393268378990e-02
2.101874644953607291e-02
1.159874608150470304e-01
1.241642788920725889e-02
2.074198988195614102e-01
1.753764393268378990e-02
1.753764393268378990e-02
6.674082313681868259e-03
1.836514223982715216e-02
1.922020867655134524e-02
1.673640167364016593e-02
7.879263034104273811e-02
4.529234147680483158e-02
9.930785434848028378e-03
9.930785434848028378e-03
1.377049180327869111e-02
7.879263034104273811e-02
4.156862745098038880e-02
1.113861386138613810e-02
9.351343327890752552e-03
3.092783505154639290e-02
1.673640167364016593e-02
2.101874644953607291e-02
1.754385964912279772e-01
4.338510980182110760e-02
2.294567562267111477e-02
1.447828257613579563e-02
3.364485981308410617e-02
1.673640167364016593e-02
2.196531791907514741e-02
1.520784048665089518e-02
2.294567562267111477e-02
1.836514223982715216e-02
4.529234147680483158e-02
1.241642788920725889e-02
1.836514223982715216e-02
2.101874644953607291e-02
4.156862745098038880e-02
1.241642788920725889e-02
2.010424422933730637e-02
1.922020867655134524e-02
2.792990142387732910e-01
3.364485981308410617e-02
1.520784048665089518e-02
1.176839792876196479e-02
2.724392819429778678e-02
8.292682926829267331e-02
2.842377260981912221e-02
2.509960159362548127e-01
1.509677419354839012e-01
8.238184708772943940e-03
2.842377260981912221e-02
6.187624750499001042e-02
3.509190737646217251e-02
2.010424422933730637e-02
3.509190737646217251e-02
1.922020867655134524e-02
1.520784048665089518e-02
1.377049180327869111e-02
6.798866855524078601e-02
5.646173149309911127e-02
3.509190737646217251e-02
5.397987191216833958e-02
2.965077970568855831e-02
1.113861386138613810e-02
2.101874644953607291e-02
1.922020867655134524e-02
2.273972602739725846e-01
1.673640167364016593e-02
5.397987191216833958e-02
1.836514223982715216e-02
2.842377260981912221e-02
9.930785434848028378e-03
3.983656792645555444e-02
2.509960159362548127e-01
7.182087029995775154e-03
5.695687550854353944e-03
1.176839792876196479e-02
2.294567562267111477e-02
3.818317943598702191e-02
4.338510980182110760e-02
1.308350831852689647e-02
2.509960159362548127e-01
1.113861386138613810e-02
1.624400274160383573e-01
3.092783505154639290e-02
1.377049180327869111e-02
9.930785434848028378e-03
9.351343327890752552e-03
4.729729729729730686e-02
4.940768563998843704e-02
1.596018534408786757e-02
6.483704974271012333e-02
1.176839792876196479e-02
1.509677419354839012e-01
2.396166134185303415e-02
2.842377260981912221e-02
1.754385964912279772e-01
3.983656792645555444e-02
2.965077970568855831e-02
1.407678244972578319e-01
2.724392819429778678e-02
4.124999999999997558e-01
7.703281027104137701e-03
1.624400274160383573e-01
1.377049180327869111e-02
1.113861386138613810e-02
9.351343327890752552e-03
5.646173149309911127e-02
4.940768563998843704e-02
3.818317943598702191e-02
2.509960159362548127e-01
2.074198988195614102e-01
1.377049180327869111e-02
2.294567562267111477e-02
4.529234147680483158e-02
2.724392819429778678e-02
4.729729729729730686e-02
2.294567562267111477e-02
3.876970793486688664e-03
7.182087029995775154e-03
2.965077970568855831e-02
3.364485981308410617e-02
1.308350831852689647e-02
4.863387978142068024e-01
1.596018534408786757e-02
1.596018534408786757e-02
6.483704974271012333e-02
4.315417810906238202e-03
2.294567562267111477e-02
1.836514223982715216e-02
1.509677419354839012e-01
3.092783505154639290e-02
1.753764393268378990e-02
1.754385964912279772e-01
3.660322108345533815e-02
4.529234147680483158e-02
3.509190737646217251e-02
1.922020867655134524e-02
1.902897415818324001e-01
7.703281027104137701e-03
3.660322108345533815e-02
9.930785434848028378e-03
2.196531791907514741e-02
4.338510980182110760e-02
1.447828257613579563e-02
1.377049180327869111e-02
2.396166134185303415e-02
2.101874644953607291e-02
5.908944139489826636e-02
1.753764393268378990e-02
2.101874644953607291e-02
9.351343327890752552e-03
5.646173149309911127e-02
1.308350831852689647e-02
4.529234147680483158e-02
1.308350831852689647e-02
1.836514223982715216e-02
2.294567562267111477e-02
2.965077970568855831e-02
1.052631578947368571e-02
3.092783505154639290e-02
2.101874644953607291e-02
3.983656792645555444e-02
4.315417810906238202e-03
1.753764393268378990e-02
1.308350831852689647e-02
8.292682926829267331e-02
3.983656792645555444e-02
2.294567562267111477e-02
1.308350831852689647e-02
1.377049180327869111e-02
2.501525320317266737e-02
2.294567562267111477e-02
7.135016465422612530e-02
2.396166134185303415e-02
3.570451436388509259e-01
3.364485981308410617e-02
1.159874608150470304e-01
1.052631578947368571e-02
7.879263034104273811e-02
6.674082313681868259e-03
1.241642788920725889e-02
3.509190737646217251e-02
8.787346221441123817e-03
1.509677419354839012e-01
2.010424422933730637e-02
2.610857853294653794e-02
1.176839792876196479e-02
1.596018534408786757e-02
1.754385964912279772e-01
1.308350831852689647e-02
1.377049180327869111e-02
3.509190737646217251e-02
1.596018534408786757e-02
1.596018534408786757e-02
4.863387978142068024e-01
3.364485981308410617e-02
4.529234147680483158e-02
2.010424422933730637e-02
2.196531791907514741e-02
2.074198988195614102e-01
1.624400274160383573e-01
1.922020867655134524e-02
4.729729729729730686e-02
2.396166134185303415e-02
4.338510980182110760e-02
3.225806451612903830e-02
3.818317943598702191e-02
2.074198988195614102e-01
3.364485981308410617e-02
3.570451436388509259e-01
1.113861386138613810e-02
7.182087029995775154e-03
4.729729729729730686e-02
1.922020867655134524e-02
2.501525320317266737e-02
1.241642788920725889e-02
2.842377260981912221e-02
2.101874644953607291e-02
3.092783505154639290e-02
9.351343327890752552e-03
4.764425622022234151e-03
1.377049180327869111e-02
1.241642788920725889e-02
1.753764393268378990e-02
1.520784048665089518e-02
5.397987191216833958e-02
1.176839792876196479e-02
2.101874644953607291e-02
2.501525320317266737e-02
6.483704974271012333e-02
9.351343327890752552e-03
1.447828257613579563e-02
1.520784048665089518e-02
5.646173149309911127e-02
3.092783505154639290e-02
1.596018534408786757e-02
3.983656792645555444e-02
4.863387978142068024e-01
2.101874644953607291e-02
1.030534351145038219e-01
1.509677419354839012e-01
2.010424422933730637e-02
2.273972602739725846e-01
1.922020867655134524e-02
3.364485981308410617e-02
1.176839792876196479e-02
1.673640167364016593e-02
6.798866855524078601e-02
2.501525320317266737e-02
1.176839792876196479e-02
2.396166134185303415e-02
1.113861386138613810e-02
2.101874644953607291e-02
1.308350831852689647e-02
4.529234147680483158e-02
8.292682926829267331e-02
4.529234147680483158e-02
1.308350831852689647e-02
3.983656792645555444e-02
2.196531791907514741e-02
4.156862745098038880e-02
1.308350831852689647e-02
2.101874644953607291e-02
2.074198988195614102e-01
7.879263034104273811e-02
3.225806451612903830e-02
1.836514223982715216e-02
3.509190737646217251e-02
1.902897415818324001e-01
2.010424422933730637e-02
4.156862745098038880e-02
1.308350831852689647e-02
7.494322482967447074e-02
2.396166134185303415e-02
9.218612818261633091e-02
3.364485981308410617e-02
8.292682926829267331e-02
7.135016465422612530e-02
1.836514223982715216e-02
4.764425622022234151e-03
6.674082313681868259e-03
1.241642788920725889e-02
2.196531791907514741e-02
6.674082313681868259e-03
1.176839792876196479e-02
1.520784048665089518e-02
2.396166134185303415e-02
1.836514223982715216e-02
2.101874644953607291e-02
5.397987191216833958e-02
3.092783505154639290e-02
1.902897415818324001e-01
6.674082313681868259e-03
1.520784048665089518e-02
3.225806451612903830e-02
4.156862745098038880e-02
9.739368998628254726e-02
5.908944139489826636e-02
1.176839792876196479e-02
8.787346221441123817e-03
1.308350831852689647e-02
2.396166134185303415e-02
2.294567562267111477e-02
3.818317943598702191e-02
2.196531791907514741e-02
2.294567562267111477e-02
5.397987191216833958e-02
1.316397228637413430e-01
1.520784048665089518e-02
4.940768563998843704e-02
2.196531791907514741e-02
2.501525320317266737e-02
1.308350831852689647e-02
2.509960159362548127e-01
2.792990142387732910e-01
1.113861386138613810e-02
1.092269326683291547e-01
4.529234147680483158e-02
1.836514223982715216e-02
1.113861386138613810e-02
6.798866855524078601e-02
8.238184708772943940e-03
3.660322108345533815e-02
1.308350831852689647e-02
1.176839792876196479e-02
1.407678244972578319e-01
1.596018534408786757e-02
6.798866855524078601e-02
3.364485981308410617e-02
4.940768563998843704e-02
1.377049180327869111e-02
1.052631578947368571e-02
2.501525320317266737e-02
1.673640167364016593e-02
2.101874644953607291e-02
7.494322482967447074e-02
1.308350831852689647e-02
1.596018534408786757e-02
9.930785434848028378e-03
4.529234147680483158e-02
4.124999999999997558e-01
9.739368998628254726e-02
1.596018534408786757e-02
2.509960159362548127e-01
1.520784048665089518e-02
9.351343327890752552e-03
4.124999999999997558e-01
2.294567562267111477e-02
4.940768563998843704e-02
1.176839792876196479e-02
2.842377260981912221e-02
1.520784048665089518e-02
5.695687550854353944e-03
2.294567562267111477e-02
1.673640167364016593e-02
2.101874644953607291e-02
2.010424422933730637e-02
2.273972602739725846e-01
1.447828257613579563e-02
2.965077970568855831e-02
1.922020867655134524e-02
3.225806451612903830e-02
2.501525320317266737e-02
7.182087029995775154e-03
1.596018534408786757e-02
1.520784048665089518e-02
2.010424422933730637e-02
2.101874644953607291e-02
1.052631578947368571e-02
1.673640167364016593e-02
3.225806451612903830e-02
2.196531791907514741e-02
4.338510980182110760e-02
1.030534351145038219e-01
1.241642788920725889e-02
1.836514223982715216e-02
2.610857853294653794e-02
4.338510980182110760e-02
7.703281027104137701e-03
2.294567562267111477e-02
1.520784048665089518e-02
1.922020867655134524e-02
6.187624750499001042e-02
1.520784048665089518e-02
3.225806451612903830e-02
3.364485981308410617e-02
8.787346221441123817e-03
1.241642788920725889e-02
1.753764393268378990e-02
9.351343327890752552e-03
5.397987191216833958e-02
1.447828257613579563e-02
3.138686131386863587e-01
3.983656792645555444e-02
1.596018534408786757e-02
2.724392819429778678e-02
1.673640167364016593e-02
1.753764393268378990e-02
9.351343327890752552e-03
2.273972602739725846e-01
1.753764393268378990e-02
3.818317943598702191e-02
4.529234147680483158e-02
1.113861386138613810e-02
2.196531791907514741e-02
1.447828257613579563e-02
7.494322482967447074e-02
2.792990142387732910e-01
2.792990142387732910e-01
6.178772483866538760e-03
2.610857853294653794e-02
4.529234147680483158e-02
2.196531791907514741e-02
3.818317943598702191e-02
1.308350831852689647e-02
1.673640167364016593e-02
1.176839792876196479e-02
2.101874644953607291e-02
2.074198988195614102e-01
2.842377260981912221e-02
1.902897415818324001e-01
2.196531791907514741e-02
3.983656792645555444e-02
3.818317943598702191e-02
1.836514223982715216e-02
2.273972602739725846e-01
5.908944139489826636e-02
2.101874644953607291e-02
1.520784048665089518e-02
3.364485981308410617e-02
1.922020867655134524e-02
1.308350831852689647e-02
2.010424422933730637e-02
2.010424422933730637e-02
1.176839792876196479e-02
1.176839792876196479e-02
2.501525320317266737e-02
1.922020867655134524e-02
6.483704974271012333e-02
1.596018534408786757e-02
6.178772483866538760e-03
2.724392819429778678e-02
1.176839792876196479e-02
3.818317943598702191e-02
2.842377260981912221e-02
1.836514223982715216e-02
1.241642788920725889e-02
3.092783505154639290e-02
5.908944139489826636e-02
1.234229292375205317e-01
1.509677419354839012e-01
2.842377260981912221e-02
2.965077970568855831e-02
1.673640167364016593e-02
1.922020867655134524e-02
1.596018534408786757e-02
1.753764393268378990e-02
1.241642788920725889e-02
2.294567562267111477e-02
1.052631578947368571e-02
4.764425622022234151e-03
1.377049180327869111e-02
2.501525320317266737e-02
2.074198988195614102e-01
2.294567562267111477e-02
2.501525320317266737e-02
1.308350831852689647e-02
8.787346221441123817e-03
1.176839792876196479e-02
1.754385964912279772e-01
9.218612818261633091e-02
1.902897415818324001e-01
3.818317943598702191e-02
1.922020867655134524e-02
1.377049180327869111e-02
5.163204747774481629e-02
1.753764393268378990e-02
3.570451436388509259e-01
7.703281027104137701e-03
2.294567562267111477e-02
6.483704974271012333e-02
1.509677419354839012e-01
2.294567562267111477e-02
2.196531791907514741e-02
2.842377260981912221e-02
2.396166134185303415e-02
4.529234147680483158e-02
7.135016465422612530e-02
2.724392819429778678e-02
4.338510980182110760e-02
1.673640167364016593e-02
4.940768563998843704e-02
5.646173149309911127e-02
1.308350831852689647e-02
4.156862745098038880e-02
2.965077970568855831e-02
2.074198988195614102e-01
1.902897415818324001e-01
2.396166134185303415e-02
5.397987191216833958e-02
1.176839792876196479e-02
1.241642788920725889e-02
4.529234147680483158e-02
2.724392819429778678e-02
2.101874644953607291e-02
4.156862745098038880e-02
1.176839792876196479e-02
3.570451436388509259e-01
1.836514223982715216e-02
5.646173149309911127e-02
1.596018534408786757e-02
1.836514223982715216e-02
1.520784048665089518e-02
7.135016465422612530e-02
2.294567562267111477e-02
2.294567562267111477e-02
1.447828257613579563e-02
8.238184708772943940e-03
1.624400274160383573e-01
6.187624750499001042e-02
1.308350831852689647e-02
4.338510980182110760e-02
4.764425622022234151e-03
4.529234147680483158e-02
6.483704974271012333e-02
1.520784048665089518e-02
2.792990142387732910e-01
2.101874644953607291e-02
9.218612818261633091e-02
1.624400274160383573e-01
1.176839792876196479e-02
2.396166134185303415e-02
5.163204747774481629e-02
9.930785434848028378e-03
4.729729729729730686e-02
1.673640167364016593e-02
5.397987191216833958e-02
3.225806451612903830e-02
1.836514223982715216e-02
2.396166134185303415e-02
4.124999999999997558e-01
2.273972602739725846e-01
3.225806451612903830e-02
1.377049180327869111e-02
3.660322108345533815e-02
2.101874644953607291e-02
1.308350831852689647e-02
2.294567562267111477e-02
1.520784048665089518e-02
2.396166134185303415e-02
1.673640167364016593e-02
8.787346221441123817e-03
2.101874644953607291e-02
1.922020867655134524e-02
1.596018534408786757e-02
1.316397228637413430e-01
3.876970793486688664e-03
1.176839792876196479e-02
1.922020867655134524e-02
5.695687550854353944e-03
1.902897415818324001e-01
1.509677419354839012e-01
4.940768563998843704e-02
1.520784048665089518e-02
7.135016465422612530e-02
1.308350831852689647e-02
4.156862745098038880e-02
7.182087029995775154e-03
1.922020867655134524e-02
8.787346221441123817e-03
2.101874644953607291e-02
1.754385964912279772e-01
7.135016465422612530e-02
1.447828257613579563e-02
2.509960159362548127e-01
1.509677419354839012e-01
3.818317943598702191e-02
1.052631578947368571e-02
1.234229292375205317e-01
3.818317943598702191e-02
1.596018534408786757e-02
1.520784048665089518e-02
1.176839792876196479e-02
9.930785434848028378e-03
1.673640167364016593e-02
4.529234147680483158e-02
4.156862745098038880e-02
4.729729729729730686e-02
2.509960159362548127e-01
6.187624750499001042e-02
1.113861386138613810e-02
7.182087029995775154e-03
2.101874644953607291e-02
5.908944139489826636e-02
2.610857853294653794e-02
1.113861386138613810e-02
1.753764393268378990e-02
2.074198988195614102e-01
2.273972602739725846e-01
5.224380442062959845e-03
1.176839792876196479e-02
7.494322482967447074e-02
1.596018534408786757e-02
8.737864077669900420e-02
6.674082313681868259e-03
1.113861386138613810e-02
9.218612818261633091e-02
1.092269326683291547e-01
1.673640167364016593e-02
3.092783505154639290e-02
1.596018534408786757e-02
1.596018534408786757e-02
1.753764393268378990e-02
3.983656792645555444e-02
1.407678244972578319e-01
2.196531791907514741e-02
1.447828257613579563e-02
9.351343327890752552e-03
1.753764393268378990e-02
2.101874644953607291e-02
7.703281027104137701e-03
8.787346221441123817e-03
2.294567562267111477e-02
8.238184708772943940e-03
3.983656792645555444e-02
5.163204747774481629e-02
2.792990142387732910e-01
1.753764393268378990e-02
1.596018534408786757e-02
1.308350831852689647e-02
1.902897415818324001e-01
1.052631578947368571e-02
2.294567562267111477e-02
2.842377260981912221e-02
1.520784048665089518e-02
2.196531791907514741e-02
1.377049180327869111e-02
1.447828257613579563e-02
3.818317943598702191e-02
1.052631578947368571e-02
6.798866855524078601e-02
1.241642788920725889e-02
2.074198988195614102e-01
2.724392819429778678e-02
1.030534351145038219e-01
2.501525320317266737e-02
6.798866855524078601e-02
2.396166134185303415e-02
9.930785434848028378e-03
2.396166134185303415e-02
1.308350831852689647e-02
1.308350831852689647e-02
1.113861386138613810e-02
3.225806451612903830e-02
1.159874608150470304e-01
4.529234147680483158e-02
2.273972602739725846e-01
2.501525320317266737e-02
2.396166134185303415e-02
5.224380442062959845e-03
8.238184708772943940e-03
9.739368998628254726e-02
1.447828257613579563e-02
3.138686131386863587e-01
1.241642788920725889e-02
6.798866855524078601e-02
5.908944139489826636e-02
1.176839792876196479e-02
1.113861386138613810e-02
7.494322482967447074e-02
4.156862745098038880e-02
4.338510980182110760e-02
5.163204747774481629e-02
7.494322482967447074e-02
1.241642788920725889e-02
3.138686131386863587e-01
7.494322482967447074e-02
4.156862745098038880e-02
4.729729729729730686e-02
2.294567562267111477e-02
2.842377260981912221e-02
1.922020867655134524e-02
7.135016465422612530e-02
2.965077970568855831e-02
8.292682926829267331e-02
1.159874608150470304e-01
1.520784048665089518e-02
3.983656792645555444e-02
2.101874644953607291e-02
3.092783505154639290e-02
1.922020867655134524e-02
2.792990142387732910e-01
1.754385964912279772e-01
1.377049180327869111e-02
1.673640167364016593e-02
8.292682926829267331e-02
2.294567562267111477e-02
2.196531791907514741e-02
1.447828257613579563e-02
1.922020867655134524e-02
2.724392819429778678e-02
5.908944139489826636e-02
1.520784048665089518e-02
1.922020867655134524e-02
6.178772483866538760e-03
3.364485981308410617e-02
4.940768563998843704e-02
2.196531791907514741e-02
7.135016465422612530e-02
1.176839792876196479e-02
2.101874644953607291e-02
6.483704974271012333e-02
2.792990142387732910e-01
1.673640167364016593e-02
1.520784048665089518e-02
3.225806451612903830e-02
1.377049180327869111e-02
2.842377260981912221e-02
2.074198988195614102e-01
2.010424422933730637e-02
2.724392819429778678e-02
9.351343327890752552e-03
1.176839792876196479e-02
3.818317943598702191e-02
2.273972602739725846e-01
3.448716311150849985e-03
1.447828257613579563e-02
3.660322108345533815e-02
5.646173149309911127e-02
4.156862745098038880e-02
1.754385964912279772e-01
3.509190737646217251e-02
2.965077970568855831e-02
2.273972602739725846e-01
2.610857853294653794e-02
8.238184708772943940e-03
1.596018534408786757e-02
1.624400274160383573e-01
2.792990142387732910e-01
3.818317943598702191e-02
7.182087029995775154e-03
1.922020867655134524e-02
3.983656792645555444e-02
9.930785434848028378e-03
7.135016465422612530e-02
3.983656792645555444e-02
4.338510980182110760e-02
2.101874644953607291e-02
1.113861386138613810e-02
1.753764393268378990e-02
1.113861386138613810e-02
4.764425622022234151e-03
1.754385964912279772e-01
1.836514223982715216e-02
2.724392819429778678e-02
1.447828257613579563e-02
1.596018534408786757e-02
2.501525320317266737e-02
1.308350831852689647e-02
3.509190737646217251e-02
2.724392819429778678e-02
1.596018534408786757e-02
9.351343327890752552e-03
2.010424422933730637e-02
1.447828257613579563e-02
1.596018534408786757e-02
5.397987191216833958e-02
4.863387978142068024e-01
1.596018534408786757e-02
1.377049180327869111e-02
1.902897415818324001e-01
2.610857853294653794e-02
1.753764393268378990e-02
2.842377260981912221e-02
2.196531791907514741e-02
2.196531791907514741e-02
1.509677419354839012e-01
1.113861386138613810e-02
2.396166134185303415e-02
2.509960159362548127e-01
3.092783505154639290e-02
9.930785434848028378e-03
3.364485981308410617e-02
2.610857853294653794e-02
1.836514223982715216e-02
2.010424422933730637e-02
1.520784048665089518e-02
5.397987191216833958e-02
2.074198988195614102e-01
2.396166134185303415e-02
1.447828257613579563e-02
3.092783505154639290e-02
2.509960159362548127e-01
2.010424422933730637e-02
4.729729729729730686e-02
1.407678244972578319e-01
3.509190737646217251e-02
2.501525320317266737e-02
1.176839792876196479e-02
8.238184708772943940e-03
2.501525320317266737e-02
2.396166134185303415e-02
4.156862745098038880e-02
2.196531791907514741e-02
1.673640167364016593e-02
1.052631578947368571e-02
2.010424422933730637e-02
9.351343327890752552e-03
2.501525320317266737e-02
1.052631578947368571e-02
2.610857853294653794e-02
1.113861386138613810e-02
1.673640167364016593e-02
1.753764393268378990e-02
2.294567562267111477e-02
2.396166134185303415e-02
7.494322482967447074e-02
8.238184708772943940e-03
2.396166134185303415e-02
1.922020867655134524e-02
5.163204747774481629e-02
4.338510980182110760e-02
5.163204747774481629e-02
3.509190737646217251e-02
1.836514223982715216e-02
1.234229292375205317e-01
1.447828257613579563e-02
9.930785434848028378e-03
1.447828257613579563e-02
7.182087029995775154e-03
1.673640167364016593e-02
7.703281027104137701e-03
1.241642788920725889e-02
2.010424422933730637e-02
2.501525320317266737e-02
1.052631578947368571e-02
1.092269326683291547e-01
2.724392819429778678e-02
9.351343327890752552e-03
1.902897415818324001e-01
1.902897415818324001e-01
2.965077970568855831e-02
5.163204747774481629e-02
1.377049180327869111e-02
3.448716311150849985e-03
2.501525320317266737e-02
3.509190737646217251e-02
2.101874644953607291e-02
1.447828257613579563e-02
4.338510980182110760e-02
1.241642788920725889e-02
1.447828257613579563e-02
3.509190737646217251e-02
1.316397228637413430e-01
7.879263034104273811e-02
1.673640167364016593e-02
2.509960159362548127e-01
2.396166134185303415e-02
8.787346221441123817e-03
1.308350831852689647e-02
1.836514223982715216e-02
1.377049180327869111e-02
1.113861386138613810e-02
1.836514223982715216e-02
7.879263034104273811e-02
8.787346221441123817e-03
1.836514223982715216e-02
1.159874608150470304e-01
2.842377260981912221e-02
7.703281027104137701e-03
1.241642788920725889e-02
1.113861386138613810e-02
2.101874644953607291e-02
1.113861386138613810e-02
2.196531791907514741e-02
1.030534351145038219e-01
1.596018534408786757e-02
1.902897415818324001e-01
3.818317943598702191e-02
5.163204747774481629e-02
4.729729729729730686e-02
1.673640167364016593e-02
5.163204747774481629e-02
9.351343327890752552e-03
1.447828257613579563e-02
2.010424422933730637e-02
2.196531791907514741e-02
2.196531791907514741e-02
2.965077970568855831e-02
4.729729729729730686e-02
5.646173149309911127e-02
4.338510980182110760e-02
1.447828257613579563e-02
1.447828257613579563e-02
2.196531791907514741e-02
4.529234147680483158e-02
6.187624750499001042e-02
2.509960159362548127e-01
1.596018534408786757e-02
1.447828257613579563e-02
1.447828257613579563e-02
3.818317943598702191e-02
1.447828257613579563e-02
3.983656792645555444e-02
1.624400274160383573e-01
4.124999999999997558e-01
5.895196506550214322e-01
4.156862745098038880e-02
3.983656792645555444e-02
4.156862745098038880e-02
7.182087029995775154e-03
5.163204747774481629e-02
2.010424422933730637e-02
6.674082313681868259e-03
1.520784048665089518e-02
2.610857853294653794e-02
2.724392819429778678e-02
2.101874644953607291e-02
2.965077970568855831e-02
5.646173149309911127e-02
2.196531791907514741e-02
6.483704974271012333e-02
4.315417810906238202e-03
3.448716311150849985e-03
1.447828257613579563e-02
3.092783505154639290e-02
1.377049180327869111e-02
4.529234147680483158e-02
3.225806451612903830e-02
2.724392819429778678e-02
1.377049180327869111e-02
1.753764393268378990e-02
2.010424422933730637e-02
3.660322108345533815e-02
2.501525320317266737e-02
1.308350831852689647e-02
2.396166134185303415e-02
8.787346221441123817e-03
2.610857853294653794e-02
3.225806451612903830e-02
7.135016465422612530e-02
1.308350831852689647e-02
1.624400274160383573e-01
6.798866855524078601e-02
1.052631578947368571e-02
2.842377260981912221e-02
2.396166134185303415e-02
4.729729729729730686e-02
2.074198988195614102e-01
1.673640167364016593e-02
1.113861386138613810e-02
3.364485981308410617e-02
9.930785434848028378e-03
2.294567562267111477e-02
1.922020867655134524e-02
3.509190737646217251e-02
4.729729729729730686e-02
5.397987191216833958e-02
2.010424422933730637e-02
7.182087029995775154e-03
1.673640167364016593e-02
4.529234147680483158e-02
1.308350831852689647e-02
2.724392819429778678e-02
1.377049180327869111e-02
4.156862745098038880e-02
1.520784048665089518e-02
2.610857853294653794e-02
9.218612818261633091e-02
1.407678244972578319e-01
5.646173149309911127e-02
2.010424422933730637e-02
5.646173149309911127e-02
4.764425622022234151e-03
1.673640167364016593e-02
1.520784048665089518e-02
2.842377260981912221e-02
1.052631578947368571e-02
5.163204747774481629e-02
1.176839792876196479e-02
7.703281027104137701e-03
4.729729729729730686e-02
2.294567562267111477e-02
4.940768563998843704e-02
1.836514223982715216e-02
7.182087029995775154e-03
2.724392819429778678e-02
1.520784048665089518e-02
2.196531791907514741e-02
2.294567562267111477e-02
2.501525320317266737e-02
5.163204747774481629e-02
6.187624750499001042e-02
4.156862745098038880e-02
1.447828257613579563e-02
1.509677419354839012e-01
1.113861386138613810e-02
6.798866855524078601e-02
9.351343327890752552e-03
6.798866855524078601e-02
5.646173149309911127e-02
5.397987191216833958e-02
4.529234147680483158e-02
1.113861386138613810e-02
5.908944139489826636e-02
1.159874608150470304e-01
1.241642788920725889e-02
2.010424422933730637e-02
2.196531791907514741e-02
2.294567562267111477e-02
1.753764393268378990e-02
1.836514223982715216e-02
1.836514223982715216e-02
7.879263034104273811e-02
2.610857853294653794e-02
8.238184708772943940e-03
5.908944139489826636e-02
1.596018534408786757e-02
1.673640167364016593e-02
4.338510980182110760e-02
2.074198988195614102e-01
5.224380442062959845e-03
9.930785434848028378e-03
2.509960159362548127e-01
1.520784048665089518e-02
1.520784048665089518e-02
1.308350831852689647e-02
3.138686131386863587e-01
1.520784048665089518e-02
1.673640167364016593e-02
1.836514223982715216e-02
2.273972602739725846e-01
5.646173149309911127e-02
1.673640167364016593e-02
2.010424422933730637e-02
9.351343327890752552e-03
1.836514223982715216e-02
9.930785434848028378e-03
2.396166134185303415e-02
1.377049180327869111e-02
1.753764393268378990e-02
1.753764393268378990e-02
2.501525320317266737e-02
5.163204747774481629e-02
2.101874644953607291e-02
1.624400274160383573e-01
2.501525320317266737e-02
1.902897415818324001e-01
3.364485981308410617e-02
2.196531791907514741e-02
6.674082313681868259e-03
1.753764393268378990e-02
2.294567562267111477e-02
1.596018534408786757e-02
2.610857853294653794e-02
1.113861386138613810e-02
5.397987191216833958e-02
5.646173149309911127e-02
7.494322482967447074e-02
1.377049180327869111e-02
1.377049180327869111e-02
1.596018534408786757e-02
1.113861386138613810e-02
3.818317943598702191e-02
1.836514223982715216e-02
1.176839792876196479e-02
1.753764393268378990e-02
3.138686131386863587e-01
1.113861386138613810e-02
4.124999999999997558e-01
2.074198988195614102e-01
1.673640167364016593e-02
2.724392819429778678e-02
3.570451436388509259e-01
3.983656792645555444e-02
4.940768563998843704e-02
6.187624750499001042e-02
2.842377260981912221e-02
5.163204747774481629e-02
1.596018534408786757e-02
2.965077970568855831e-02
1.241642788920725889e-02
2.196531791907514741e-02
1.753764393268378990e-02
2.196531791907514741e-02
8.238184708772943940e-03
1.520784048665089518e-02
1.753764393268378990e-02
4.338510980182110760e-02
3.092783505154639290e-02
5.163204747774481629e-02
7.182087029995775154e-03
3.509190737646217251e-02
1.836514223982715216e-02
5.397987191216833958e-02
3.092783505154639290e-02
2.010424422933730637e-02
7.703281027104137701e-03
4.156862745098038880e-02
2.396166134185303415e-02
2.792990142387732910e-01
4.338510980182110760e-02
1.113861386138613810e-02
6.798866855524078601e-02
1.836514223982715216e-02
3.660322108345533815e-02
1.509677419354839012e-01
5.908944139489826636e-02
1.673640167364016593e-02
4.863387978142068024e-01
3.364485981308410617e-02
1.377049180327869111e-02
1.447828257613579563e-02
2.610857853294653794e-02
4.729729729729730686e-02
2.101874644953607291e-02
2.396166134185303415e-02
3.570451436388509259e-01
2.010424422933730637e-02
5.163204747774481629e-02
1.176839792876196479e-02
4.156862745098038880e-02
2.294567562267111477e-02
4.940768563998843704e-02
7.494322482967447074e-02
5.908944139489826636e-02
2.196531791907514741e-02
1.052631578947368571e-02
2.196531791907514741e-02
6.798866855524078601e-02
8.238184708772943940e-03
6.674082313681868259e-03
6.178772483866538760e-03
2.501525320317266737e-02
8.238184708772943940e-03
3.509190737646217251e-02
3.983656792645555444e-02
3.364485981308410617e-02
2.842377260981912221e-02
2.196531791907514741e-02
4.940768563998843704e-02
1.176839792876196479e-02
3.509190737646217251e-02
1.176839792876196479e-02
1.447828257613579563e-02
1.753764393268378990e-02
1.308350831852689647e-02
4.764425622022234151e-03
3.364485981308410617e-02
1.673640167364016593e-02
2.196531791907514741e-02
7.879263034104273811e-02
1.922020867655134524e-02
2.273972602739725846e-01
3.660322108345533815e-02
8.238184708772943940e-03
1.241642788920725889e-02
1.922020867655134524e-02
1.308350831852689647e-02
1.922020867655134524e-02
1.176839792876196479e-02
1.308350831852689647e-02
4.729729729729730686e-02
9.351343327890752552e-03
6.674082313681868259e-03
1.520784048665089518e-02
7.135016465422612530e-02
3.818317943598702191e-02
1.241642788920725889e-02
9.351343327890752552e-03
1.159874608150470304e-01
4.338510980182110760e-02
6.483704974271012333e-02
2.724392819429778678e-02
8.238184708772943940e-03
8.292682926829267331e-02
7.135016465422612530e-02
1.596018534408786757e-02
2.501525320317266737e-02
2.196531791907514741e-02
2.101874644953607291e-02
9.218612818261633091e-02
2.101874644953607291e-02
1.922020867655134524e-02
4.729729729729730686e-02
2.294567562267111477e-02
1.753764393268378990e-02
1.447828257613579563e-02
8.238184708772943940e-03
1.176839792876196479e-02
3.570451436388509259e-01
1.176839792876196479e-02
1.673640167364016593e-02
9.351343327890752552e-03
1.377049180327869111e-02
5.397987191216833958e-02
2.724392819429778678e-02
2.965077970568855831e-02
1.922020867655134524e-02
1.836514223982715216e-02
4.764425622022234151e-03
1.407678244972578319e-01
2.842377260981912221e-02
1.176839792876196479e-02
2.010424422933730637e-02
3.448716311150849985e-03
1.159874608150470304e-01
1.520784048665089518e-02
2.074198988195614102e-01
2.509960159362548127e-01
2.965077970568855831e-02
3.983656792645555444e-02
5.646173149309911127e-02
3.983656792645555444e-02
1.673640167364016593e-02
1.753764393268378990e-02
2.010424422933730637e-02
3.660322108345533815e-02
1.052631578947368571e-02
1.377049180327869111e-02
4.940768563998843704e-02
3.660322108345533815e-02
3.509190737646217251e-02
2.010424422933730637e-02
1.176839792876196479e-02
2.965077970568855831e-02
2.509960159362548127e-01
7.703281027104137701e-03
1.447828257613579563e-02
1.673640167364016593e-02
3.138686131386863587e-01
1.092269326683291547e-01
9.351343327890752552e-03
5.646173149309911127e-02
8.238184708772943940e-03
1.922020867655134524e-02
2.396166134185303415e-02
4.156862745098038880e-02
4.529234147680483158e-02
7.182087029995775154e-03
3.364485981308410617e-02
2.010424422933730637e-02
1.922020867655134524e-02
7.703281027104137701e-03
2.724392819429778678e-02
1.234229292375205317e-01
4.729729729729730686e-02
5.224380442062959845e-03
4.940768563998843704e-02
1.092269326683291547e-01
1.836514223982715216e-02
7.494322482967447074e-02
6.798866855524078601e-02
4.940768563998843704e-02
1.447828257613579563e-02
1.596018534408786757e-02
4.529234147680483158e-02
2.501525320317266737e-02
1.754385964912279772e-01
5.908944139489826636e-02
1.520784048665089518e-02
3.364485981308410617e-02
1.520784048665089518e-02
1.520784048665089518e-02
2.509960159362548127e-01
3.509190737646217251e-02
1.596018534408786757e-02
1.407678244972578319e-01
1.902897415818324001e-01
1.753764393268378990e-02
1.596018534408786757e-02
3.092783505154639290e-02
2.196531791907514741e-02
3.570451436388509259e-01
1.113861386138613810e-02
4.940768563998843704e-02
4.124999999999997558e-01
2.396166134185303415e-02
1.052631578947368571e-02
2.501525320317266737e-02
1.052631578947368571e-02
2.294567562267111477e-02
3.364485981308410617e-02
6.798866855524078601e-02
2.074198988195614102e-01
6.798866855524078601e-02
2.010424422933730637e-02
1.234229292375205317e-01
1.308350831852689647e-02
1.836514223982715216e-02
9.351343327890752552e-03
1.753764393268378990e-02
2.509960159362548127e-01
3.225806451612903830e-02
9.218612818261633091e-02
1.377049180327869111e-02
6.187624750499001042e-02
4.729729729729730686e-02
4.338510980182110760e-02
3.983656792645555444e-02
1.754385964912279772e-01
2.724392819429778678e-02
4.529234147680483158e-02
2.273972602739725846e-01
2.074198988195614102e-01
1.922020867655134524e-02
8.238184708772943940e-03
2.842377260981912221e-02
1.836514223982715216e-02
2.792990142387732910e-01
6.187624750499001042e-02
2.273972602739725846e-01
3.983656792645555444e-02
9.930785434848028378e-03
1.113861386138613810e-02
7.879263034104273811e-02
7.703281027104137701e-03
2.509960159362548127e-01
1.520784048665089518e-02
1.922020867655134524e-02
8.238184708772943940e-03
1.520784048665089518e-02
1.596018534408786757e-02
2.010424422933730637e-02
3.092783505154639290e-02
3.364485981308410617e-02
1.836514223982715216e-02
3.660322108345533815e-02
4.338510980182110760e-02
1.377049180327869111e-02
6.187624750499001042e-02
4.940768563998843704e-02
8.737864077669900420e-02
8.238184708772943940e-03
9.739368998628254726e-02
5.646173149309911127e-02
2.724392819429778678e-02
4.729729729729730686e-02
1.753764393268378990e-02
8.292682926829267331e-02
1.596018534408786757e-02
2.965077970568855831e-02
7.182087029995775154e-03
1.836514223982715216e-02
1.520784048665089518e-02
1.673640167364016593e-02
2.396166134185303415e-02
2.196531791907514741e-02
1.902897415818324001e-01
3.660322108345533815e-02
4.156862745098038880e-02
2.273972602739725846e-01
1.836514223982715216e-02
2.010424422933730637e-02
1.596018534408786757e-02
1.753764393268378990e-02
1.241642788920725889e-02
1.754385964912279772e-01
9.351343327890752552e-03
5.397987191216833958e-02
3.509190737646217251e-02
1.176839792876196479e-02
2.792990142387732910e-01
2.010424422933730637e-02
9.218612818261633091e-02
1.176839792876196479e-02
4.940768563998843704e-02
1.922020867655134524e-02
3.138686131386863587e-01
1.922020867655134524e-02
1.922020867655134524e-02
2.273972602739725846e-01
1.753764393268378990e-02
1.520784048665089518e-02
2.501525320317266737e-02
1.447828257613579563e-02
1.754385964912279772e-01
1.159874608150470304e-01
1.234229292375205317e-01
1.447828257613579563e-02
2.196531791907514741e-02
2.610857853294653794e-02
8.292682926829267331e-02
2.074198988195614102e-01
1.447828257613579563e-02
9.218612818261633091e-02
1.520784048665089518e-02
6.187624750499001042e-02
2.196531791907514741e-02
3.225806451612903830e-02
2.273972602739725846e-01
1.754385964912279772e-01
1.520784048665089518e-02
2.610857853294653794e-02
1.673640167364016593e-02
1.902897415818324001e-01
2.196531791907514741e-02
3.092783505154639290e-02
4.529234147680483158e-02
2.965077970568855831e-02
1.673640167364016593e-02
1.377049180327869111e-02
1.377049180327869111e-02
1.624400274160383573e-01
1.377049180327869111e-02
1.754385964912279772e-01
4.156862745098038880e-02
2.396166134185303415e-02
2.501525320317266737e-02
2.074198988195614102e-01
2.610857853294653794e-02
3.509190737646217251e-02
1.922020867655134524e-02
2.010424422933730637e-02
5.646173149309911127e-02
2.501525320317266737e-02
7.879263034104273811e-02
1.234229292375205317e-01
1.922020867655134524e-02
7.182087029995775154e-03
1.241642788920725889e-02
1.377049180327869111e-02
2.074198988195614102e-01
2.965077970568855831e-02
1.241642788920725889e-02
1.176839792876196479e-02
1.753764393268378990e-02
2.842377260981912221e-02
2.273972602739725846e-01
1.241642788920725889e-02
9.218612818261633091e-02
6.187624750499001042e-02
5.224380442062959845e-03
2.501525320317266737e-02
1.753764393268378990e-02
6.483704974271012333e-02
1.176839792876196479e-02
1.447828257613579563e-02
1.308350831852689647e-02
4.338510980182110760e-02
2.509960159362548127e-01
6.483704974271012333e-02
2.396166134185303415e-02
2.501525320317266737e-02
2.010424422933730637e-02
1.596018534408786757e-02
3.876970793486688664e-03
1.673640167364016593e-02
7.135016465422612530e-02
2.196531791907514741e-02
2.509960159362548127e-01
1.030534351145038219e-01
1.241642788920725889e-02
1.030534351145038219e-01
2.196531791907514741e-02
2.294567562267111477e-02
4.156862745098038880e-02
1.308350831852689647e-02
7.182087029995775154e-03
7.494322482967447074e-02
1.377049180327869111e-02
1.447828257613579563e-02
6.187624750499001042e-02
7.135016465422612530e-02
2.842377260981912221e-02
2.196531791907514741e-02
1.377049180327869111e-02
1.159874608150470304e-01
2.965077970568855831e-02
2.294567562267111477e-02
7.703281027104137701e-03
1.754385964912279772e-01
5.224380442062959845e-03
2.842377260981912221e-02
1.922020867655134524e-02
1.241642788920725889e-02
1.836514223982715216e-02
3.570451436388509259e-01
3.876970793486688664e-03
2.610857853294653794e-02
1.836514223982715216e-02
1.113861386138613810e-02
5.397987191216833958e-02
4.338510980182110760e-02
1.753764393268378990e-02
1.754385964912279772e-01
2.842377260981912221e-02
2.501525320317266737e-02
1.308350831852689647e-02
7.703281027104137701e-03
1.241642788920725889e-02
1.377049180327869111e-02
7.703281027104137701e-03
9.930785434848028378e-03
5.646173149309911127e-02
4.338510980182110760e-02
4.729729729729730686e-02
6.483704974271012333e-02
2.294567562267111477e-02
2.842377260981912221e-02
3.138686131386863587e-01
2.610857853294653794e-02
3.660322108345533815e-02
5.908944139489826636e-02
1.902897415818324001e-01
7.135016465422612530e-02
6.178772483866538760e-03
2.196531791907514741e-02
1.836514223982715216e-02
1.447828257613579563e-02
1.596018534408786757e-02
1.673640167364016593e-02
4.940768563998843704e-02
6.483704974271012333e-02
3.660322108345533815e-02
1.447828257613579563e-02
2.010424422933730637e-02
1.673640167364016593e-02
2.010424422933730637e-02
1.753764393268378990e-02
4.729729729729730686e-02
2.294567562267111477e-02
1.902897415818324001e-01
1.922020867655134524e-02
