3.030303030303030040e-02
2.083333333333333565e-02
1.316201817612033809e-02
1.670322254091445927e-02
6.181584030907919664e-02
5.656934306569343790e-02
3.567265096759151405e-02
2.174317041442111118e-02
1.067299140231248167e-02
4.970513900589722950e-02
5.974304068522487965e-01
1.451612903225806168e-02
1.126972201352366421e-02
3.287855065980765934e-02
1.132075471698113373e-01
9.575863576738080640e-02
1.451612903225806168e-02
4.033864541832669209e-02
1.522344082501227852e-02
3.156510302498904269e-02
2.365839584535487164e-02
1.361286616886847045e-01
4.033864541832669209e-02
1.910152104704633882e-02
2.365839584535487164e-02
1.251351768886142281e-02
4.970513900589722950e-02
1.747772446881425829e-02
6.181584030907919664e-02
1.188299817184643691e-02
1.747772446881425829e-02
1.595214356929212582e-02
9.526558891454964609e-03
1.067299140231248167e-02
2.571257723739286960e-02
2.571257723739286960e-02
2.133891213389120523e-01
2.908937605396290024e-02
9.526558891454964609e-03
2.083333333333333565e-02
2.268431001890358623e-02
2.908937605396290024e-02
1.382927992370052567e-02
5.656934306569343790e-02
4.033864541832669209e-02
7.808374198415693468e-02
2.365839584535487164e-02
3.212996389891699112e-01
1.126972201352366421e-02
3.287855065980765934e-02
2.174317041442111118e-02
4.033864541832669209e-02
2.083333333333333565e-02
5.415803492157441473e-02
4.568527918781725011e-02
2.466718872357086950e-02
1.522344082501227852e-02
1.251351768886142281e-02
1.910152104704633882e-02
3.871439006574141362e-02
6.771545827633379533e-02
1.009214567792891815e-02
4.033864541832669209e-02
2.792140641158221206e-02
5.911792305286205085e-02
3.567265096759151405e-02
3.030303030303030040e-02
1.382927992370052567e-02
1.675749318801089405e-01
2.792140641158221206e-02
1.595214356929212582e-02
1.067299140231248167e-02
1.747772446881425829e-02
1.451612903225806168e-02
1.522344082501227852e-02
6.181584030907919664e-02
1.277292576419213899e-01
3.648648648648644133e-01
1.670322254091445927e-02
1.595214356929212582e-02
5.911792305286205085e-02
2.679658952496954613e-02
3.156510302498904269e-02
1.910152104704633882e-02
1.670322254091445927e-02
4.568527918781725011e-02
1.827676240208877395e-02
1.558691468890314180e-01
1.068883610451306226e-01
8.438818565400843172e-03
3.871439006574141362e-02
6.422263848006422131e-03
4.970513900589722950e-02
2.174317041442111118e-02
1.201248049921996713e-01
2.792140641158221206e-02
8.975637555207294921e-03
3.871439006574141362e-02
1.067299140231248167e-02
4.970513900589722950e-02
9.526558891454964609e-03
1.251351768886142281e-02
1.067299140231248167e-02
1.251351768886142281e-02
4.568527918781725011e-02
7.808374198415693468e-02
2.908937605396290024e-02
1.995326262807837689e-02
2.365839584535487164e-02
9.083263246425569981e-02
3.871439006574141362e-02
1.451612903225806168e-02
3.648648648648644133e-01
4.203821656050955868e-02
1.126972201352366421e-02
5.911792305286205085e-02
4.970513900589722950e-02
1.251351768886142281e-02
3.716055264411624592e-02
3.871439006574141362e-02
1.595214356929212582e-02
3.030303030303030040e-02
3.030303030303030040e-02
1.747772446881425829e-02
3.567265096759151405e-02
1.910152104704633882e-02
1.522344082501227852e-02
7.094952347334980425e-02
5.656934306569343790e-02
2.571257723739286960e-02
6.181584030907919664e-02
1.382927992370052567e-02
1.382927992370052567e-02
1.995326262807837689e-02
2.336956521739131376e-01
3.030303030303030040e-02
2.083333333333333565e-02
1.747772446881425829e-02
3.156510302498904269e-02
3.212996389891699112e-01
8.438818565400843172e-03
4.203821656050955868e-02
4.033864541832669209e-02
3.287855065980765934e-02
2.174317041442111118e-02
2.083333333333333565e-02
1.361286616886847045e-01
1.316201817612033809e-02
2.083333333333333565e-02
2.133891213389120523e-01
1.995326262807837689e-02
7.499999999999980016e-01
5.187319884726224184e-02
1.595214356929212582e-02
1.188299817184643691e-02
1.277292576419213899e-01
1.827676240208877395e-02
4.203821656050955868e-02
2.133891213389120523e-01
2.466718872357086950e-02
1.126972201352366421e-02
2.466718872357086950e-02
1.910152104704633882e-02
2.908937605396290024e-02
1.910152104704633882e-02
1.910152104704633882e-02
1.747772446881425829e-02
6.771545827633379533e-02
3.030303030303030040e-02
3.030303030303030040e-02
2.466718872357086950e-02
2.174317041442111118e-02
3.030303030303030040e-02
7.405375754251234885e-03
2.336956521739131376e-01
1.126972201352366421e-02
9.526558891454964609e-03
1.126972201352366421e-02
4.206471494607087469e-01
1.595214356929212582e-02
1.126972201352366421e-02
1.558691468890314180e-01
1.451612903225806168e-02
5.415803492157441473e-02
7.808374198415693468e-02
6.771545827633379533e-02
5.415803492157441473e-02
1.451612903225806168e-02
3.871439006574141362e-02
1.522344082501227852e-02
3.030303030303030040e-02
1.451612903225806168e-02
2.466718872357086950e-02
2.679658952496954613e-02
9.526558891454964609e-03
5.974304068522487965e-01
2.336956521739131376e-01
5.187319884726224184e-02
7.808374198415693468e-02
1.959564541213063560e-01
2.466718872357086950e-02
3.648648648648644133e-01
4.568527918781725011e-02
9.526558891454964609e-03
2.679658952496954613e-02
1.827676240208877395e-02
5.415803492157441473e-02
3.871439006574141362e-02
1.277292576419213899e-01
3.567265096759151405e-02
1.009214567792891815e-02
1.067299140231248167e-02
1.132075471698113373e-01
1.522344082501227852e-02
3.871439006574141362e-02
2.268431001890358623e-02
2.679658952496954613e-02
2.083333333333333565e-02
2.268431001890358623e-02
1.316201817612033809e-02
1.188299817184643691e-02
1.910152104704633882e-02
2.908937605396290024e-02
7.094952347334980425e-02
3.424657534246574458e-02
1.747772446881425829e-02
4.033864541832669209e-02
2.466718872357086950e-02
1.747772446881425829e-02
1.595214356929212582e-02
1.522344082501227852e-02
5.656934306569343790e-02
1.067299140231248167e-02
1.126972201352366421e-02
1.522344082501227852e-02
2.571257723739286960e-02
2.863340563991322307e-01
2.174317041442111118e-02
1.188299817184643691e-02
1.451612903225806168e-02
2.174317041442111118e-02
2.908937605396290024e-02
3.287855065980765934e-02
3.567265096759151405e-02
4.593008420515438429e-03
8.975637555207294921e-03
1.251351768886142281e-02
3.871439006574141362e-02
3.567265096759151405e-02
8.203125000000000000e-02
1.316201817612033809e-02
1.827676240208877395e-02
1.670322254091445927e-02
4.764512595837897685e-02
2.336956521739131376e-01
1.251351768886142281e-02
3.567265096759151405e-02
6.467661691542289648e-02
7.808374198415693468e-02
1.251351768886142281e-02
1.277292576419213899e-01
2.365839584535487164e-02
5.415803492157441473e-02
1.451612903225806168e-02
1.670322254091445927e-02
1.451612903225806168e-02
1.068883610451306226e-01
1.251351768886142281e-02
9.526558891454964609e-03
5.034206789725055586e-03
4.568527918781725011e-02
5.911792305286205085e-02
4.203821656050955868e-02
1.316201817612033809e-02
1.995326262807837689e-02
4.764512595837897685e-02
1.126972201352366421e-02
1.827676240208877395e-02
6.181584030907919664e-02
1.995326262807837689e-02
3.648648648648644133e-01
1.009214567792891815e-02
8.438818565400843172e-03
2.174317041442111118e-02
1.382927992370052567e-02
1.067299140231248167e-02
1.126972201352366421e-02
3.287855065980765934e-02
4.381846635367760839e-02
2.863340563991322307e-01
3.871439006574141362e-02
3.156510302498904269e-02
1.316201817612033809e-02
2.679658952496954613e-02
2.679658952496954613e-02
3.424657534246574458e-02
2.174317041442111118e-02
1.910152104704633882e-02
9.526558891454964609e-03
6.771545827633379533e-02
1.188299817184643691e-02
6.181584030907919664e-02
2.365839584535487164e-02
1.827676240208877395e-02
4.970513900589722950e-02
1.747772446881425829e-02
2.679658952496954613e-02
2.908937605396290024e-02
3.287855065980765934e-02
2.466718872357086950e-02
1.910152104704633882e-02
2.466718872357086950e-02
1.251351768886142281e-02
1.188299817184643691e-02
3.716055264411624592e-02
8.438818565400843172e-03
1.910152104704633882e-02
1.454545454545453642e-01
7.439824945295403502e-02
2.792140641158221206e-02
1.670322254091445927e-02
9.083263246425569981e-02
3.030303030303030040e-02
6.467661691542289648e-02
1.995326262807837689e-02
2.268431001890358623e-02
1.747772446881425829e-02
1.747772446881425829e-02
1.670322254091445927e-02
1.747772446881425829e-02
1.959564541213063560e-01
3.156510302498904269e-02
1.201248049921996713e-01
2.908937605396290024e-02
1.067299140231248167e-02
3.156510302498904269e-02
1.595214356929212582e-02
1.067299140231248167e-02
1.595214356929212582e-02
1.827676240208877395e-02
4.381846635367760839e-02
1.827676240208877395e-02
3.567265096759151405e-02
1.188299817184643691e-02
6.467661691542289648e-02
2.365839584535487164e-02
4.381846635367760839e-02
1.251351768886142281e-02
2.679658952496954613e-02
6.907761072734661285e-03
4.970513900589722950e-02
2.576505429417568771e-01
9.575863576738080640e-02
1.126972201352366421e-02
1.451612903225806168e-02
4.764512595837897685e-02
1.126972201352366421e-02
1.827676240208877395e-02
4.033864541832669209e-02
1.522344082501227852e-02
3.030303030303030040e-02
1.251351768886142281e-02
2.679658952496954613e-02
1.670322254091445927e-02
4.033864541832669209e-02
2.466718872357086950e-02
1.910152104704633882e-02
5.656934306569343790e-02
1.188299817184643691e-02
2.174317041442111118e-02
7.405375754251234885e-03
3.871439006574141362e-02
4.203821656050955868e-02
1.382927992370052567e-02
1.747772446881425829e-02
1.670322254091445927e-02
1.827676240208877395e-02
5.911792305286205085e-02
3.871439006574141362e-02
1.067299140231248167e-02
4.203821656050955868e-02
2.466718872357086950e-02
2.133891213389120523e-01
3.871439006574141362e-02
2.268431001890358623e-02
3.156510302498904269e-02
8.626974483596595855e-02
1.827676240208877395e-02
1.451612903225806168e-02
3.287855065980765934e-02
1.558691468890314180e-01
2.908937605396290024e-02
2.268431001890358623e-02
2.571257723739286960e-02
1.382927992370052567e-02
7.405375754251234885e-03
2.679658952496954613e-02
6.771545827633379533e-02
3.287855065980765934e-02
7.405375754251234885e-03
1.316201817612033809e-02
1.959564541213063560e-01
2.268431001890358623e-02
3.030303030303030040e-02
2.571257723739286960e-02
1.522344082501227852e-02
1.522344082501227852e-02
2.466718872357086950e-02
1.595214356929212582e-02
1.747772446881425829e-02
1.316201817612033809e-02
2.466718872357086950e-02
9.083263246425569981e-02
2.792140641158221206e-02
1.454545454545453642e-01
2.365839584535487164e-02
9.083263246425569981e-02
1.451612903225806168e-02
2.679658952496954613e-02
1.009214567792891815e-02
1.595214356929212582e-02
1.558691468890314180e-01
4.033864541832669209e-02
2.083333333333333565e-02
2.174317041442111118e-02
1.827676240208877395e-02
3.156510302498904269e-02
2.174317041442111118e-02
1.675749318801089405e-01
2.679658952496954613e-02
1.382927992370052567e-02
3.871439006574141362e-02
1.451612903225806168e-02
1.188299817184643691e-02
8.626974483596595855e-02
8.203125000000000000e-02
9.575863576738080640e-02
1.451612903225806168e-02
1.316201817612033809e-02
1.451612903225806168e-02
2.571257723739286960e-02
4.203821656050955868e-02
1.009214567792891815e-02
4.206471494607087469e-01
1.747772446881425829e-02
4.970513900589722950e-02
7.499999999999980016e-01
4.381846635367760839e-02
2.365839584535487164e-02
2.268431001890358623e-02
8.438818565400843172e-03
4.970513900589722950e-02
1.595214356929212582e-02
4.203821656050955868e-02
1.451612903225806168e-02
1.910152104704633882e-02
4.568527918781725011e-02
4.381846635367760839e-02
3.156510302498904269e-02
7.915567282321900322e-03
1.067299140231248167e-02
1.316201817612033809e-02
2.268431001890358623e-02
2.466718872357086950e-02
1.558691468890314180e-01
1.382927992370052567e-02
5.911792305286205085e-02
5.034206789725055586e-03
1.670322254091445927e-02
6.907761072734661285e-03
2.174317041442111118e-02
1.010928961748633753e-01
2.571257723739286960e-02
5.911792305286205085e-02
4.161937192584184812e-03
2.174317041442111118e-02
4.033864541832669209e-02
4.568527918781725011e-02
3.567265096759151405e-02
5.187319884726224184e-02
3.567265096759151405e-02
1.675749318801089405e-01
3.567265096759151405e-02
2.792140641158221206e-02
2.083333333333333565e-02
4.764512595837897685e-02
8.975637555207294921e-03
3.287855065980765934e-02
1.995326262807837689e-02
1.995326262807837689e-02
3.871439006574141362e-02
3.287855065980765934e-02
2.679658952496954613e-02
3.871439006574141362e-02
5.656934306569343790e-02
1.827676240208877395e-02
2.908937605396290024e-02
1.910152104704633882e-02
8.438818565400843172e-03
1.808278867102396936e-01
9.575863576738080640e-02
3.156510302498904269e-02
1.451612903225806168e-02
1.454545454545453642e-01
1.675749318801089405e-01
2.336956521739131376e-01
1.251351768886142281e-02
1.522344082501227852e-02
1.451612903225806168e-02
1.382927992370052567e-02
1.316201817612033809e-02
2.792140641158221206e-02
7.405375754251234885e-03
1.251351768886142281e-02
5.656934306569343790e-02
1.995326262807837689e-02
1.188299817184643691e-02
8.975637555207294921e-03
1.382927992370052567e-02
2.365839584535487164e-02
3.716055264411624592e-02
1.382927992370052567e-02
4.970513900589722950e-02
1.126972201352366421e-02
2.679658952496954613e-02
2.863340563991322307e-01
1.451612903225806168e-02
1.995326262807837689e-02
6.771545827633379533e-02
4.381846635367760839e-02
4.203821656050955868e-02
1.595214356929212582e-02
2.571257723739286960e-02
1.251351768886142281e-02
7.808374198415693468e-02
2.679658952496954613e-02
1.995326262807837689e-02
2.679658952496954613e-02
9.083263246425569981e-02
5.656934306569343790e-02
1.132075471698113373e-01
2.268431001890358623e-02
1.067299140231248167e-02
8.626974483596595855e-02
1.251351768886142281e-02
7.405375754251234885e-03
5.911792305286205085e-02
1.251351768886142281e-02
1.126972201352366421e-02
2.365839584535487164e-02
8.975637555207294921e-03
1.670322254091445927e-02
2.133891213389120523e-01
2.083333333333333565e-02
1.010928961748633753e-01
2.268431001890358623e-02
5.911792305286205085e-02
6.467661691542289648e-02
2.792140641158221206e-02
1.251351768886142281e-02
4.203821656050955868e-02
1.670322254091445927e-02
3.424657534246574458e-02
1.126972201352366421e-02
6.181584030907919664e-02
1.747772446881425829e-02
1.451612903225806168e-02
2.466718872357086950e-02
3.567265096759151405e-02
1.595214356929212582e-02
1.188299817184643691e-02
1.126972201352366421e-02
1.451612903225806168e-02
3.424657534246574458e-02
1.675749318801089405e-01
1.670322254091445927e-02
4.764512595837897685e-02
1.382927992370052567e-02
1.910152104704633882e-02
3.287855065980765934e-02
2.268431001890358623e-02
4.970513900589722950e-02
1.451612903225806168e-02
1.067299140231248167e-02
2.083333333333333565e-02
3.212996389891699112e-01
3.156510302498904269e-02
9.575863576738080640e-02
1.361286616886847045e-01
1.126972201352366421e-02
1.910152104704633882e-02
3.287855065980765934e-02
2.365839584535487164e-02
1.316201817612033809e-02
1.995326262807837689e-02
5.034206789725055586e-03
1.675749318801089405e-01
2.571257723739286960e-02
1.188299817184643691e-02
1.595214356929212582e-02
4.970513900589722950e-02
1.316201817612033809e-02
3.212996389891699112e-01
2.083333333333333565e-02
3.648648648648644133e-01
2.365839584535487164e-02
1.067299140231248167e-02
2.174317041442111118e-02
1.009214567792891815e-02
2.679658952496954613e-02
1.251351768886142281e-02
1.010928961748633753e-01
1.454545454545453642e-01
8.975637555207294921e-03
1.451612903225806168e-02
2.908937605396290024e-02
6.181584030907919664e-02
3.871439006574141362e-02
5.187319884726224184e-02
4.381846635367760839e-02
1.451612903225806168e-02
2.466718872357086950e-02
1.747772446881425829e-02
6.771545827633379533e-02
3.156510302498904269e-02
3.156510302498904269e-02
3.212996389891699112e-01
1.595214356929212582e-02
3.716055264411624592e-02
3.424657534246574458e-02
2.336956521739131376e-01
4.033864541832669209e-02
9.526558891454964609e-03
7.915567282321900322e-03
1.126972201352366421e-02
9.083263246425569981e-02
6.181584030907919664e-02
2.466718872357086950e-02
1.910152104704633882e-02
3.716055264411624592e-02
1.067299140231248167e-02
8.438818565400843172e-03
2.863340563991322307e-01
1.251351768886142281e-02
1.670322254091445927e-02
1.910152104704633882e-02
1.959564541213063560e-01
8.975637555207294921e-03
7.915567282321900322e-03
1.316201817612033809e-02
1.067299140231248167e-02
2.133891213389120523e-01
4.970513900589722950e-02
3.030303030303030040e-02
1.910152104704633882e-02
3.567265096759151405e-02
8.203125000000000000e-02
4.568527918781725011e-02
3.156510302498904269e-02
2.571257723739286960e-02
1.747772446881425829e-02
4.203821656050955868e-02
1.454545454545453642e-01
1.675749318801089405e-01
1.188299817184643691e-02
2.268431001890358623e-02
4.764512595837897685e-02
2.083333333333333565e-02
3.567265096759151405e-02
2.571257723739286960e-02
1.827676240208877395e-02
5.656934306569343790e-02
2.679658952496954613e-02
1.382927992370052567e-02
7.915567282321900322e-03
2.365839584535487164e-02
3.648648648648644133e-01
2.268431001890358623e-02
3.030303030303030040e-02
3.716055264411624592e-02
2.679658952496954613e-02
1.316201817612033809e-02
2.365839584535487164e-02
2.792140641158221206e-02
2.908937605396290024e-02
2.268431001890358623e-02
2.679658952496954613e-02
2.174317041442111118e-02
1.827676240208877395e-02
1.454545454545453642e-01
1.188299817184643691e-02
3.287855065980765934e-02
1.451612903225806168e-02
2.576505429417568771e-01
1.126972201352366421e-02
1.595214356929212582e-02
4.970513900589722950e-02
2.083333333333333565e-02
2.571257723739286960e-02
1.558691468890314180e-01
1.522344082501227852e-02
3.871439006574141362e-02
1.009214567792891815e-02
2.083333333333333565e-02
1.808278867102396936e-01
3.030303030303030040e-02
3.287855065980765934e-02
2.174317041442111118e-02
2.466718872357086950e-02
1.827676240208877395e-02
1.995326262807837689e-02
7.094952347334980425e-02
1.827676240208877395e-02
2.268431001890358623e-02
1.251351768886142281e-02
1.382927992370052567e-02
2.083333333333333565e-02
1.595214356929212582e-02
8.626974483596595855e-02
2.083333333333333565e-02
1.201248049921996713e-01
3.287855065980765934e-02
4.970513900589722950e-02
1.670322254091445927e-02
1.009214567792891815e-02
1.316201817612033809e-02
2.908937605396290024e-02
1.361286616886847045e-01
4.161937192584184812e-03
1.522344082501227852e-02
1.595214356929212582e-02
5.656934306569343790e-02
3.156510302498904269e-02
7.405375754251234885e-03
3.648648648648644133e-01
1.251351768886142281e-02
2.268431001890358623e-02
5.415803492157441473e-02
6.467661691542289648e-02
3.424657534246574458e-02
1.670322254091445927e-02
1.675749318801089405e-01
5.187319884726224184e-02
2.908937605396290024e-02
1.361286616886847045e-01
1.201248049921996713e-01
1.670322254091445927e-02
2.365839584535487164e-02
2.268431001890358623e-02
4.033864541832669209e-02
1.827676240208877395e-02
2.576505429417568771e-01
2.083333333333333565e-02
3.030303030303030040e-02
6.467661691542289648e-02
8.975637555207294921e-03
5.187319884726224184e-02
8.975637555207294921e-03
1.827676240208877395e-02
1.009214567792891815e-02
7.915567282321900322e-03
4.764512595837897685e-02
2.365839584535487164e-02
1.132075471698113373e-01
1.067299140231248167e-02
1.316201817612033809e-02
1.316201817612033809e-02
4.381846635367760839e-02
3.716055264411624592e-02
1.068883610451306226e-01
1.451612903225806168e-02
7.915567282321900322e-03
1.747772446881425829e-02
2.174317041442111118e-02
5.656934306569343790e-02
1.010928961748633753e-01
2.466718872357086950e-02
2.576505429417568771e-01
6.181584030907919664e-02
7.405375754251234885e-03
4.033864541832669209e-02
5.187319884726224184e-02
3.716055264411624592e-02
4.203821656050955868e-02
1.522344082501227852e-02
1.451612903225806168e-02
1.316201817612033809e-02
2.466718872357086950e-02
1.067299140231248167e-02
4.203821656050955868e-02
3.567265096759151405e-02
2.908937605396290024e-02
1.251351768886142281e-02
1.188299817184643691e-02
2.792140641158221206e-02
2.268431001890358623e-02
1.451612903225806168e-02
1.827676240208877395e-02
7.915567282321900322e-03
1.361286616886847045e-01
2.908937605396290024e-02
2.083333333333333565e-02
2.679658952496954613e-02
4.568527918781725011e-02
6.181584030907919664e-02
2.365839584535487164e-02
1.188299817184643691e-02
2.679658952496954613e-02
1.747772446881425829e-02
5.415803492157441473e-02
1.959564541213063560e-01
2.268431001890358623e-02
2.336956521739131376e-01
2.908937605396290024e-02
6.181584030907919664e-02
1.910152104704633882e-02
2.908937605396290024e-02
2.336956521739131376e-01
5.911792305286205085e-02
4.970513900589722950e-02
1.995326262807837689e-02
2.083333333333333565e-02
4.206471494607087469e-01
2.268431001890358623e-02
1.558691468890314180e-01
4.568527918781725011e-02
3.212996389891699112e-01
2.365839584535487164e-02
1.995326262807837689e-02
2.174317041442111118e-02
1.277292576419213899e-01
1.382927992370052567e-02
1.188299817184643691e-02
1.382927992370052567e-02
4.946236559139781663e-01
1.451612903225806168e-02
3.567265096759151405e-02
1.067299140231248167e-02
8.626974483596595855e-02
2.174317041442111118e-02
2.908937605396290024e-02
1.827676240208877395e-02
1.670322254091445927e-02
3.156510302498904269e-02
4.203821656050955868e-02
3.030303030303030040e-02
1.595214356929212582e-02
2.576505429417568771e-01
4.568527918781725011e-02
1.670322254091445927e-02
3.212996389891699112e-01
1.808278867102396936e-01
1.067299140231248167e-02
2.571257723739286960e-02
1.910152104704633882e-02
2.679658952496954613e-02
8.975637555207294921e-03
4.381846635367760839e-02
4.970513900589722950e-02
1.316201817612033809e-02
2.863340563991322307e-01
1.010928961748633753e-01
5.656934306569343790e-02
1.959564541213063560e-01
1.251351768886142281e-02
2.268431001890358623e-02
3.648648648648644133e-01
1.747772446881425829e-02
2.576505429417568771e-01
2.792140641158221206e-02
8.203125000000000000e-02
1.595214356929212582e-02
3.567265096759151405e-02
1.670322254091445927e-02
1.522344082501227852e-02
4.970513900589722950e-02
3.871439006574141362e-02
3.716055264411624592e-02
1.126972201352366421e-02
5.034206789725055586e-03
3.287855065980765934e-02
2.863340563991322307e-01
2.174317041442111118e-02
3.716055264411624592e-02
1.827676240208877395e-02
4.568527918781725011e-02
1.188299817184643691e-02
1.251351768886142281e-02
3.212996389891699112e-01
2.792140641158221206e-02
2.466718872357086950e-02
2.466718872357086950e-02
1.595214356929212582e-02
1.316201817612033809e-02
2.083333333333333565e-02
1.595214356929212582e-02
2.679658952496954613e-02
1.910152104704633882e-02
5.187319884726224184e-02
1.132075471698113373e-01
4.381846635367760839e-02
1.382927992370052567e-02
1.451612903225806168e-02
3.424657534246574458e-02
3.567265096759151405e-02
1.910152104704633882e-02
2.174317041442111118e-02
2.571257723739286960e-02
1.277292576419213899e-01
1.595214356929212582e-02
4.764512595837897685e-02
1.009214567792891815e-02
2.908937605396290024e-02
5.034206789725055586e-03
2.571257723739286960e-02
2.792140641158221206e-02
1.382927992370052567e-02
3.567265096759151405e-02
1.959564541213063560e-01
1.522344082501227852e-02
1.067299140231248167e-02
3.156510302498904269e-02
1.010928961748633753e-01
1.277292576419213899e-01
1.747772446881425829e-02
2.792140641158221206e-02
5.911792305286205085e-02
1.595214356929212582e-02
2.571257723739286960e-02
6.181584030907919664e-02
3.567265096759151405e-02
3.030303030303030040e-02
3.156510302498904269e-02
1.910152104704633882e-02
1.067299140231248167e-02
3.567265096759151405e-02
1.522344082501227852e-02
1.188299817184643691e-02
1.675749318801089405e-01
1.361286616886847045e-01
2.571257723739286960e-02
1.382927992370052567e-02
4.568527918781725011e-02
7.439824945295403502e-02
1.126972201352366421e-02
4.203821656050955868e-02
2.679658952496954613e-02
1.188299817184643691e-02
2.908937605396290024e-02
3.871439006574141362e-02
1.522344082501227852e-02
5.415803492157441473e-02
1.188299817184643691e-02
2.268431001890358623e-02
4.033864541832669209e-02
2.083333333333333565e-02
2.792140641158221206e-02
1.277292576419213899e-01
3.287855065980765934e-02
1.201248049921996713e-01
1.595214356929212582e-02
1.910152104704633882e-02
1.201248049921996713e-01
1.595214356929212582e-02
2.908937605396290024e-02
2.174317041442111118e-02
1.067299140231248167e-02
9.526558891454964609e-03
6.771545827633379533e-02
1.067299140231248167e-02
1.995326262807837689e-02
1.126972201352366421e-02
1.382927992370052567e-02
5.911792305286205085e-02
4.568527918781725011e-02
1.995326262807837689e-02
1.126972201352366421e-02
1.188299817184643691e-02
2.336956521739131376e-01
3.871439006574141362e-02
1.910152104704633882e-02
3.287855065980765934e-02
1.747772446881425829e-02
7.439824945295403502e-02
1.009214567792891815e-02
2.863340563991322307e-01
1.009214567792891815e-02
1.251351768886142281e-02
3.567265096759151405e-02
4.568527918781725011e-02
2.083333333333333565e-02
4.970513900589722950e-02
2.268431001890358623e-02
1.670322254091445927e-02
8.975637555207294921e-03
1.382927992370052567e-02
1.009214567792891815e-02
5.485893416927899689e-03
4.381846635367760839e-02
5.187319884726224184e-02
4.033864541832669209e-02
5.911792305286205085e-02
1.747772446881425829e-02
1.910152104704633882e-02
1.910152104704633882e-02
4.970513900589722950e-02
4.764512595837897685e-02
6.181584030907919664e-02
1.451612903225806168e-02
9.083263246425569981e-02
2.268431001890358623e-02
1.188299817184643691e-02
3.567265096759151405e-02
3.030303030303030040e-02
6.467661691542289648e-02
1.522344082501227852e-02
5.911792305286205085e-02
1.067299140231248167e-02
2.083333333333333565e-02
1.382927992370052567e-02
8.975637555207294921e-03
1.595214356929212582e-02
1.188299817184643691e-02
1.382927992370052567e-02
1.827676240208877395e-02
1.316201817612033809e-02
1.201248049921996713e-01
3.871439006574141362e-02
3.871439006574141362e-02
1.009214567792891815e-02
1.451612903225806168e-02
7.405375754251234885e-03
8.438818565400843172e-03
1.558691468890314180e-01
1.675749318801089405e-01
8.975637555207294921e-03
1.995326262807837689e-02
1.995326262807837689e-02
1.910152104704633882e-02
1.188299817184643691e-02
1.009214567792891815e-02
3.424657534246574458e-02
2.174317041442111118e-02
1.316201817612033809e-02
8.975637555207294921e-03
1.747772446881425829e-02
3.287855065980765934e-02
1.126972201352366421e-02
3.156510302498904269e-02
1.995326262807837689e-02
7.808374198415693468e-02
9.575863576738080640e-02
5.656934306569343790e-02
2.174317041442111118e-02
4.568527918781725011e-02
1.451612903225806168e-02
1.595214356929212582e-02
2.466718872357086950e-02
1.251351768886142281e-02
1.808278867102396936e-01
4.764512595837897685e-02
1.316201817612033809e-02
9.083263246425569981e-02
1.808278867102396936e-01
8.438818565400843172e-03
3.567265096759151405e-02
1.995326262807837689e-02
1.670322254091445927e-02
2.792140641158221206e-02
1.316201817612033809e-02
1.451612903225806168e-02
3.287855065980765934e-02
5.656934306569343790e-02
1.126972201352366421e-02
1.316201817612033809e-02
1.382927992370052567e-02
9.526558891454964609e-03
2.336956521739131376e-01
4.568527918781725011e-02
1.827676240208877395e-02
4.381846635367760839e-02
3.212996389891699112e-01
2.571257723739286960e-02
1.910152104704633882e-02
1.747772446881425829e-02
9.575863576738080640e-02
1.747772446881425829e-02
4.203821656050955868e-02
3.030303030303030040e-02
3.156510302498904269e-02
3.567265096759151405e-02
3.648648648648644133e-01
2.268431001890358623e-02
1.910152104704633882e-02
1.451612903225806168e-02
1.670322254091445927e-02
2.083333333333333565e-02
1.068883610451306226e-01
3.716055264411624592e-02
6.467661691542289648e-02
9.083263246425569981e-02
3.871439006574141362e-02
2.908937605396290024e-02
1.827676240208877395e-02
4.033864541832669209e-02
2.083333333333333565e-02
1.910152104704633882e-02
9.526558891454964609e-03
3.567265096759151405e-02
4.568527918781725011e-02
8.975637555207294921e-03
1.827676240208877395e-02
2.365839584535487164e-02
2.083333333333333565e-02
4.033864541832669209e-02
1.251351768886142281e-02
5.485893416927899689e-03
7.915567282321900322e-03
1.959564541213063560e-01
1.188299817184643691e-02
4.764512595837897685e-02
3.287855065980765934e-02
1.747772446881425829e-02
2.466718872357086950e-02
1.827676240208877395e-02
1.009214567792891815e-02
8.203125000000000000e-02
2.466718872357086950e-02
1.522344082501227852e-02
2.908937605396290024e-02
2.792140641158221206e-02
6.422263848006422131e-03
1.747772446881425829e-02
1.126972201352366421e-02
1.747772446881425829e-02
9.575863576738080640e-02
4.203821656050955868e-02
2.365839584535487164e-02
5.485893416927899689e-03
3.156510302498904269e-02
2.174317041442111118e-02
2.174317041442111118e-02
9.526558891454964609e-03
4.970513900589722950e-02
3.156510302498904269e-02
1.808278867102396936e-01
1.910152104704633882e-02
1.995326262807837689e-02
2.336956521739131376e-01
3.567265096759151405e-02
1.126972201352366421e-02
2.679658952496954613e-02
1.251351768886142281e-02
1.827676240208877395e-02
8.975637555207294921e-03
1.522344082501227852e-02
1.126972201352366421e-02
2.792140641158221206e-02
4.568527918781725011e-02
5.187319884726224184e-02
1.910152104704633882e-02
3.648648648648644133e-01
2.679658952496954613e-02
1.277292576419213899e-01
1.595214356929212582e-02
5.656934306569343790e-02
2.679658952496954613e-02
3.156510302498904269e-02
4.381846635367760839e-02
5.656934306569343790e-02
2.365839584535487164e-02
2.174317041442111118e-02
3.287855065980765934e-02
6.422263848006422131e-03
1.522344082501227852e-02
4.033864541832669209e-02
3.424657534246574458e-02
3.030303030303030040e-02
5.656934306569343790e-02
1.670322254091445927e-02
5.415803492157441473e-02
2.679658952496954613e-02
1.009214567792891815e-02
9.526558891454964609e-03
7.439824945295403502e-02
1.808278867102396936e-01
4.033864541832669209e-02
2.466718872357086950e-02
1.251351768886142281e-02
1.675749318801089405e-01
2.083333333333333565e-02
1.522344082501227852e-02
4.206471494607087469e-01
1.009214567792891815e-02
4.970513900589722950e-02
1.522344082501227852e-02
2.083333333333333565e-02
4.764512595837897685e-02
2.083333333333333565e-02
1.675749318801089405e-01
9.083263246425569981e-02
1.009214567792891815e-02
1.188299817184643691e-02
1.827676240208877395e-02
7.915567282321900322e-03
7.808374198415693468e-02
2.083333333333333565e-02
2.571257723739286960e-02
1.067299140231248167e-02
1.558691468890314180e-01
2.571257723739286960e-02
1.995326262807837689e-02
3.648648648648644133e-01
2.908937605396290024e-02
6.181584030907919664e-02
2.576505429417568771e-01
2.908937605396290024e-02
3.716055264411624592e-02
3.030303030303030040e-02
3.871439006574141362e-02
1.277292576419213899e-01
8.975637555207294921e-03
5.034206789725055586e-03
1.067299140231248167e-02
1.910152104704633882e-02
8.438818565400843172e-03
4.033864541832669209e-02
2.174317041442111118e-02
1.067299140231248167e-02
1.522344082501227852e-02
8.203125000000000000e-02
2.365839584535487164e-02
2.466718872357086950e-02
9.526558891454964609e-03
2.365839584535487164e-02
3.287855065980765934e-02
1.451612903225806168e-02
1.747772446881425829e-02
1.747772446881425829e-02
1.009214567792891815e-02
1.827676240208877395e-02
3.567265096759151405e-02
1.188299817184643691e-02
1.670322254091445927e-02
1.910152104704633882e-02
1.747772446881425829e-02
1.675749318801089405e-01
2.792140641158221206e-02
8.203125000000000000e-02
6.771545827633379533e-02
1.454545454545453642e-01
1.126972201352366421e-02
4.593008420515438429e-03
1.522344082501227852e-02
3.030303030303030040e-02
4.764512595837897685e-02
1.188299817184643691e-02
1.316201817612033809e-02
2.908937605396290024e-02
2.571257723739286960e-02
2.908937605396290024e-02
2.679658952496954613e-02
1.126972201352366421e-02
5.911792305286205085e-02
6.771545827633379533e-02
1.670322254091445927e-02
1.382927992370052567e-02
1.995326262807837689e-02
6.467661691542289648e-02
5.415803492157441473e-02
3.212996389891699112e-01
1.451612903225806168e-02
1.188299817184643691e-02
1.747772446881425829e-02
2.365839584535487164e-02
3.716055264411624592e-02
7.808374198415693468e-02
2.571257723739286960e-02
1.675749318801089405e-01
7.915567282321900322e-03
1.251351768886142281e-02
5.485893416927899689e-03
1.010928961748633753e-01
2.571257723739286960e-02
6.467661691542289648e-02
2.083333333333333565e-02
1.827676240208877395e-02
1.251351768886142281e-02
5.911792305286205085e-02
1.910152104704633882e-02
6.907761072734661285e-03
7.405375754251234885e-03
2.133891213389120523e-01
5.415803492157441473e-02
4.203821656050955868e-02
7.915567282321900322e-03
1.747772446881425829e-02
8.626974483596595855e-02
3.871439006574141362e-02
7.094952347334980425e-02
7.439824945295403502e-02
4.764512595837897685e-02
1.251351768886142281e-02
1.361286616886847045e-01
3.156510302498904269e-02
1.670322254091445927e-02
2.863340563991322307e-01
1.670322254091445927e-02
1.675749318801089405e-01
6.181584030907919664e-02
1.670322254091445927e-02
2.908937605396290024e-02
2.365839584535487164e-02
2.908937605396290024e-02
2.576505429417568771e-01
2.083333333333333565e-02
1.670322254091445927e-02
1.451612903225806168e-02
2.365839584535487164e-02
1.747772446881425829e-02
1.595214356929212582e-02
9.575863576738080640e-02
1.995326262807837689e-02
2.576505429417568771e-01
3.567265096759151405e-02
1.188299817184643691e-02
1.451612903225806168e-02
9.575863576738080640e-02
1.827676240208877395e-02
1.522344082501227852e-02
1.910152104704633882e-02
1.126972201352366421e-02
4.161937192584184812e-03
5.911792305286205085e-02
1.010928961748633753e-01
1.067299140231248167e-02
4.764512595837897685e-02
1.522344082501227852e-02
9.526558891454964609e-03
9.526558891454964609e-03
8.975637555207294921e-03
2.174317041442111118e-02
1.670322254091445927e-02
1.316201817612033809e-02
1.010928961748633753e-01
6.467661691542289648e-02
1.316201817612033809e-02
5.656934306569343790e-02
2.083333333333333565e-02
1.454545454545453642e-01
5.187319884726224184e-02
4.764512595837897685e-02
7.808374198415693468e-02
5.911792305286205085e-02
1.009214567792891815e-02
1.827676240208877395e-02
1.067299140231248167e-02
2.792140641158221206e-02
3.648648648648644133e-01
2.792140641158221206e-02
2.083333333333333565e-02
7.915567282321900322e-03
5.415803492157441473e-02
1.451612903225806168e-02
1.827676240208877395e-02
2.571257723739286960e-02
2.365839584535487164e-02
2.863340563991322307e-01
1.316201817612033809e-02
3.287855065980765934e-02
1.361286616886847045e-01
2.083333333333333565e-02
3.567265096759151405e-02
1.670322254091445927e-02
1.451612903225806168e-02
2.174317041442111118e-02
2.571257723739286960e-02
1.201248049921996713e-01
4.568527918781725011e-02
5.948446794448115395e-03
9.083263246425569981e-02
1.827676240208877395e-02
3.871439006574141362e-02
1.670322254091445927e-02
2.174317041442111118e-02
1.595214356929212582e-02
9.575863576738080640e-02
1.670322254091445927e-02
8.438818565400843172e-03
1.747772446881425829e-02
1.827676240208877395e-02
1.670322254091445927e-02
1.451612903225806168e-02
2.576505429417568771e-01
7.808374198415693468e-02
8.438818565400843172e-03
2.174317041442111118e-02
8.626974483596595855e-02
1.670322254091445927e-02
1.910152104704633882e-02
2.268431001890358623e-02
1.522344082501227852e-02
1.067299140231248167e-02
4.206471494607087469e-01
3.156510302498904269e-02
7.094952347334980425e-02
4.206471494607087469e-01
7.439824945295403502e-02
1.595214356929212582e-02
1.910152104704633882e-02
1.188299817184643691e-02
2.133891213389120523e-01
5.911792305286205085e-02
2.792140641158221206e-02
1.747772446881425829e-02
9.526558891454964609e-03
6.422263848006422131e-03
1.009214567792891815e-02
4.381846635367760839e-02
1.747772446881425829e-02
3.156510302498904269e-02
2.466718872357086950e-02
3.871439006574141362e-02
4.033864541832669209e-02
3.424657534246574458e-02
2.365839584535487164e-02
1.451612903225806168e-02
1.126972201352366421e-02
6.907761072734661285e-03
4.206471494607087469e-01
2.571257723739286960e-02
2.268431001890358623e-02
1.522344082501227852e-02
3.648648648648644133e-01
2.792140641158221206e-02
1.132075471698113373e-01
3.648648648648644133e-01
6.907761072734661285e-03
1.451612903225806168e-02
1.747772446881425829e-02
4.203821656050955868e-02
1.827676240208877395e-02
1.558691468890314180e-01
2.083333333333333565e-02
1.382927992370052567e-02
1.995326262807837689e-02
1.747772446881425829e-02
7.915567282321900322e-03
2.792140641158221206e-02
1.451612903225806168e-02
3.716055264411624592e-02
1.382927992370052567e-02
4.206471494607087469e-01
1.522344082501227852e-02
2.908937605396290024e-02
2.571257723739286960e-02
9.526558891454964609e-03
1.595214356929212582e-02
2.571257723739286960e-02
2.792140641158221206e-02
2.571257723739286960e-02
2.365839584535487164e-02
1.670322254091445927e-02
1.595214356929212582e-02
5.187319884726224184e-02
5.034206789725055586e-03
1.827676240208877395e-02
2.174317041442111118e-02
3.567265096759151405e-02
3.567265096759151405e-02
2.365839584535487164e-02
2.679658952496954613e-02
4.568527918781725011e-02
1.068883610451306226e-01
1.068883610451306226e-01
2.679658952496954613e-02
1.670322254091445927e-02
2.792140641158221206e-02
2.576505429417568771e-01
1.827676240208877395e-02
2.268431001890358623e-02
1.132075471698113373e-01
1.522344082501227852e-02
3.287855065980765934e-02
2.268431001890358623e-02
7.808374198415693468e-02
1.910152104704633882e-02
4.206471494607087469e-01
1.382927992370052567e-02
3.287855065980765934e-02
1.522344082501227852e-02
3.156510302498904269e-02
2.365839584535487164e-02
1.126972201352366421e-02
1.009214567792891815e-02
5.415803492157441473e-02
2.174317041442111118e-02
2.083333333333333565e-02
2.174317041442111118e-02
1.316201817612033809e-02
5.187319884726224184e-02
1.747772446881425829e-02
1.009214567792891815e-02
3.030303030303030040e-02
1.382927992370052567e-02
1.382927992370052567e-02
8.975637555207294921e-03
2.576505429417568771e-01
1.910152104704633882e-02
5.415803492157441473e-02
2.083333333333333565e-02
1.454545454545453642e-01
1.827676240208877395e-02
2.863340563991322307e-01
1.451612903225806168e-02
3.567265096759151405e-02
1.451612903225806168e-02
2.466718872357086950e-02
5.911792305286205085e-02
3.212996389891699112e-01
1.595214356929212582e-02
1.808278867102396936e-01
8.626974483596595855e-02
2.083333333333333565e-02
1.316201817612033809e-02
1.188299817184643691e-02
1.126972201352366421e-02
2.576505429417568771e-01
1.995326262807837689e-02
2.679658952496954613e-02
2.365839584535487164e-02
1.068883610451306226e-01
5.187319884726224184e-02
1.126972201352366421e-02
4.203821656050955868e-02
4.381846635367760839e-02
3.212996389891699112e-01
4.203821656050955868e-02
2.466718872357086950e-02
1.995326262807837689e-02
2.792140641158221206e-02
5.415803492157441473e-02
1.910152104704633882e-02
1.670322254091445927e-02
1.126972201352366421e-02
1.251351768886142281e-02
3.030303030303030040e-02
1.067299140231248167e-02
3.871439006574141362e-02
4.203821656050955868e-02
2.174317041442111118e-02
2.571257723739286960e-02
3.287855065980765934e-02
6.181584030907919664e-02
1.522344082501227852e-02
2.571257723739286960e-02
7.439824945295403502e-02
5.911792305286205085e-02
1.451612903225806168e-02
7.094952347334980425e-02
2.576505429417568771e-01
1.827676240208877395e-02
3.212996389891699112e-01
1.675749318801089405e-01
8.975637555207294921e-03
3.424657534246574458e-02
2.268431001890358623e-02
8.975637555207294921e-03
2.466718872357086950e-02
2.908937605396290024e-02
9.575863576738080640e-02
1.522344082501227852e-02
1.670322254091445927e-02
5.034206789725055586e-03
1.595214356929212582e-02
1.451612903225806168e-02
2.466718872357086950e-02
2.365839584535487164e-02
1.201248049921996713e-01
1.382927992370052567e-02
5.415803492157441473e-02
1.522344082501227852e-02
3.030303030303030040e-02
1.201248049921996713e-01
1.827676240208877395e-02
4.203821656050955868e-02
2.083333333333333565e-02
2.083333333333333565e-02
9.083263246425569981e-02
6.907761072734661285e-03
2.133891213389120523e-01
2.268431001890358623e-02
1.451612903225806168e-02
6.181584030907919664e-02
8.975637555207294921e-03
1.067299140231248167e-02
2.083333333333333565e-02
8.975637555207294921e-03
5.415803492157441473e-02
4.764512595837897685e-02
1.251351768886142281e-02
2.863340563991322307e-01
2.792140641158221206e-02
7.405375754251234885e-03
3.716055264411624592e-02
1.675749318801089405e-01
3.648648648648644133e-01
3.424657534246574458e-02
2.571257723739286960e-02
6.181584030907919664e-02
8.438818565400843172e-03
2.365839584535487164e-02
1.316201817612033809e-02
1.009214567792891815e-02
2.863340563991322307e-01
1.361286616886847045e-01
5.656934306569343790e-02
2.174317041442111118e-02
1.558691468890314180e-01
4.203821656050955868e-02
3.716055264411624592e-02
1.670322254091445927e-02
1.316201817612033809e-02
1.251351768886142281e-02
1.316201817612033809e-02
2.174317041442111118e-02
1.670322254091445927e-02
1.910152104704633882e-02
7.915567282321900322e-03
1.522344082501227852e-02
1.595214356929212582e-02
2.083333333333333565e-02
1.670322254091445927e-02
3.567265096759151405e-02
5.911792305286205085e-02
2.466718872357086950e-02
1.595214356929212582e-02
4.203821656050955868e-02
4.568527918781725011e-02
7.094952347334980425e-02
2.679658952496954613e-02
1.316201817612033809e-02
2.268431001890358623e-02
2.792140641158221206e-02
1.009214567792891815e-02
2.679658952496954613e-02
5.656934306569343790e-02
3.424657534246574458e-02
5.656934306569343790e-02
1.595214356929212582e-02
1.747772446881425829e-02
8.438818565400843172e-03
1.827676240208877395e-02
8.626974483596595855e-02
1.670322254091445927e-02
1.995326262807837689e-02
1.522344082501227852e-02
4.764512595837897685e-02
1.670322254091445927e-02
1.454545454545453642e-01
2.268431001890358623e-02
1.522344082501227852e-02
1.827676240208877395e-02
5.656934306569343790e-02
3.716055264411624592e-02
5.656934306569343790e-02
7.915567282321900322e-03
2.083333333333333565e-02
8.626974483596595855e-02
4.593008420515438429e-03
4.033864541832669209e-02
4.161937192584184812e-03
3.030303030303030040e-02
2.268431001890358623e-02
1.827676240208877395e-02
4.381846635367760839e-02
1.995326262807837689e-02
2.908937605396290024e-02
1.522344082501227852e-02
2.365839584535487164e-02
1.316201817612033809e-02
1.451612903225806168e-02
1.188299817184643691e-02
3.567265096759151405e-02
1.747772446881425829e-02
5.415803492157441473e-02
2.174317041442111118e-02
4.203821656050955868e-02
2.083333333333333565e-02
2.174317041442111118e-02
5.415803492157441473e-02
1.827676240208877395e-02
1.009214567792891815e-02
1.316201817612033809e-02
3.567265096759151405e-02
2.863340563991322307e-01
4.381846635367760839e-02
5.656934306569343790e-02
1.188299817184643691e-02
4.381846635367760839e-02
1.670322254091445927e-02
5.415803492157441473e-02
3.871439006574141362e-02
1.251351768886142281e-02
1.747772446881425829e-02
1.522344082501227852e-02
2.792140641158221206e-02
1.747772446881425829e-02
1.747772446881425829e-02
7.439824945295403502e-02
1.126972201352366421e-02
3.871439006574141362e-02
1.251351768886142281e-02
2.133891213389120523e-01
1.451612903225806168e-02
1.827676240208877395e-02
2.576505429417568771e-01
4.970513900589722950e-02
7.094952347334980425e-02
1.451612903225806168e-02
3.716055264411624592e-02
1.126972201352366421e-02
1.995326262807837689e-02
6.907761072734661285e-03
1.670322254091445927e-02
4.033864541832669209e-02
2.083333333333333565e-02
1.747772446881425829e-02
4.568527918781725011e-02
1.126972201352366421e-02
1.451612903225806168e-02
1.251351768886142281e-02
1.316201817612033809e-02
4.764512595837897685e-02
3.567265096759151405e-02
3.871439006574141362e-02
2.679658952496954613e-02
6.181584030907919664e-02
1.251351768886142281e-02
1.747772446881425829e-02
1.827676240208877395e-02
1.910152104704633882e-02
3.871439006574141362e-02
3.156510302498904269e-02
8.438818565400843172e-03
1.451612903225806168e-02
3.716055264411624592e-02
3.567265096759151405e-02
3.648648648648644133e-01
1.316201817612033809e-02
2.268431001890358623e-02
1.361286616886847045e-01
3.424657534246574458e-02
5.911792305286205085e-02
4.381846635367760839e-02
1.067299140231248167e-02
5.187319884726224184e-02
1.009214567792891815e-02
7.439824945295403502e-02
1.995326262807837689e-02
1.067299140231248167e-02
2.863340563991322307e-01
1.522344082501227852e-02
8.975637555207294921e-03
8.626974483596595855e-02
1.451612903225806168e-02
1.808278867102396936e-01
8.626974483596595855e-02
1.522344082501227852e-02
8.975637555207294921e-03
1.910152104704633882e-02
2.908937605396290024e-02
4.033864541832669209e-02
1.910152104704633882e-02
2.083333333333333565e-02
2.571257723739286960e-02
5.415803492157441473e-02
1.995326262807837689e-02
7.405375754251234885e-03
3.871439006574141362e-02
1.251351768886142281e-02
1.595214356929212582e-02
8.438818565400843172e-03
4.593008420515438429e-03
1.126972201352366421e-02
8.975637555207294921e-03
2.083333333333333565e-02
3.030303030303030040e-02
3.287855065980765934e-02
3.567265096759151405e-02
2.174317041442111118e-02
5.034206789725055586e-03
1.670322254091445927e-02
1.595214356929212582e-02
2.908937605396290024e-02
8.203125000000000000e-02
6.181584030907919664e-02
2.268431001890358623e-02
1.747772446881425829e-02
1.382927992370052567e-02
4.203821656050955868e-02
1.522344082501227852e-02
2.863340563991322307e-01
6.422263848006422131e-03
1.251351768886142281e-02
1.009214567792891815e-02
1.251351768886142281e-02
1.454545454545453642e-01
2.365839584535487164e-02
4.381846635367760839e-02
2.792140641158221206e-02
4.381846635367760839e-02
1.670322254091445927e-02
1.188299817184643691e-02
3.156510302498904269e-02
2.083333333333333565e-02
3.871439006574141362e-02
1.451612903225806168e-02
1.010928961748633753e-01
2.466718872357086950e-02
1.995326262807837689e-02
4.381846635367760839e-02
1.009214567792891815e-02
4.381846635367760839e-02
1.910152104704633882e-02
3.716055264411624592e-02
1.959564541213063560e-01
1.595214356929212582e-02
1.910152104704633882e-02
3.212996389891699112e-01
1.670322254091445927e-02
2.571257723739286960e-02
1.827676240208877395e-02
1.595214356929212582e-02
1.316201817612033809e-02
3.716055264411624592e-02
2.863340563991322307e-01
2.268431001890358623e-02
1.747772446881425829e-02
2.268431001890358623e-02
4.568527918781725011e-02
7.405375754251234885e-03
1.747772446881425829e-02
5.415803492157441473e-02
5.415803492157441473e-02
1.827676240208877395e-02
1.558691468890314180e-01
1.808278867102396936e-01
7.405375754251234885e-03
1.451612903225806168e-02
1.995326262807837689e-02
1.382927992370052567e-02
1.595214356929212582e-02
2.571257723739286960e-02
1.451612903225806168e-02
1.995326262807837689e-02
1.995326262807837689e-02
1.910152104704633882e-02
9.575863576738080640e-02
1.316201817612033809e-02
3.287855065980765934e-02
4.033864541832669209e-02
1.382927992370052567e-02
1.995326262807837689e-02
1.522344082501227852e-02
9.083263246425569981e-02
1.451612903225806168e-02
1.595214356929212582e-02
1.010928961748633753e-01
1.747772446881425829e-02
1.522344082501227852e-02
4.946236559139781663e-01
7.094952347334980425e-02
2.466718872357086950e-02
2.268431001890358623e-02
4.206471494607087469e-01
3.156510302498904269e-02
1.910152104704633882e-02
3.567265096759151405e-02
3.871439006574141362e-02
3.567265096759151405e-02
5.415803492157441473e-02
1.558691468890314180e-01
2.174317041442111118e-02
2.908937605396290024e-02
2.174317041442111118e-02
3.648648648648644133e-01
2.174317041442111118e-02
9.526558891454964609e-03
2.679658952496954613e-02
5.911792305286205085e-02
2.576505429417568771e-01
1.067299140231248167e-02
1.126972201352366421e-02
4.568527918781725011e-02
1.522344082501227852e-02
2.908937605396290024e-02
1.995326262807837689e-02
1.451612903225806168e-02
2.679658952496954613e-02
2.466718872357086950e-02
2.679658952496954613e-02
2.174317041442111118e-02
1.451612903225806168e-02
2.863340563991322307e-01
2.174317041442111118e-02
1.670322254091445927e-02
3.871439006574141362e-02
1.910152104704633882e-02
1.959564541213063560e-01
2.365839584535487164e-02
2.365839584535487164e-02
5.034206789725055586e-03
3.424657534246574458e-02
9.526558891454964609e-03
1.558691468890314180e-01
1.201248049921996713e-01
1.068883610451306226e-01
2.863340563991322307e-01
1.316201817612033809e-02
3.156510302498904269e-02
2.792140641158221206e-02
1.595214356929212582e-02
2.908937605396290024e-02
1.382927992370052567e-02
1.068883610451306226e-01
8.975637555207294921e-03
1.067299140231248167e-02
4.970513900589722950e-02
1.277292576419213899e-01
2.174317041442111118e-02
4.033864541832669209e-02
2.365839584535487164e-02
5.656934306569343790e-02
2.083333333333333565e-02
1.747772446881425829e-02
5.656934306569343790e-02
1.382927992370052567e-02
1.995326262807837689e-02
9.526558891454964609e-03
4.381846635367760839e-02
5.034206789725055586e-03
2.466718872357086950e-02
3.287855065980765934e-02
2.466718872357086950e-02
1.277292576419213899e-01
4.970513900589722950e-02
3.567265096759151405e-02
8.626974483596595855e-02
1.959564541213063560e-01
1.454545454545453642e-01
7.439824945295403502e-02
2.268431001890358623e-02
6.467661691542289648e-02
3.212996389891699112e-01
2.268431001890358623e-02
1.451612903225806168e-02
7.915567282321900322e-03
8.975637555207294921e-03
4.033864541832669209e-02
1.827676240208877395e-02
1.251351768886142281e-02
7.405375754251234885e-03
2.174317041442111118e-02
1.595214356929212582e-02
2.174317041442111118e-02
5.911792305286205085e-02
1.827676240208877395e-02
2.268431001890358623e-02
1.595214356929212582e-02
4.033864541832669209e-02
1.010928961748633753e-01
2.466718872357086950e-02
1.910152104704633882e-02
1.188299817184643691e-02
3.871439006574141362e-02
2.679658952496954613e-02
1.067299140231248167e-02
1.201248049921996713e-01
1.251351768886142281e-02
2.908937605396290024e-02
3.871439006574141362e-02
1.316201817612033809e-02
1.747772446881425829e-02
2.174317041442111118e-02
7.405375754251234885e-03
3.567265096759151405e-02
1.067299140231248167e-02
2.863340563991322307e-01
1.827676240208877395e-02
4.033864541832669209e-02
1.126972201352366421e-02
1.747772446881425829e-02
2.268431001890358623e-02
1.595214356929212582e-02
1.808278867102396936e-01
1.747772446881425829e-02
1.451612903225806168e-02
1.910152104704633882e-02
3.424657534246574458e-02
1.277292576419213899e-01
8.975637555207294921e-03
2.083333333333333565e-02
5.415803492157441473e-02
4.946236559139781663e-01
4.381846635367760839e-02
1.995326262807837689e-02
1.995326262807837689e-02
1.009214567792891815e-02
1.251351768886142281e-02
6.467661691542289648e-02
4.970513900589722950e-02
5.948446794448115395e-03
1.451612903225806168e-02
3.287855065980765934e-02
2.571257723739286960e-02
7.439824945295403502e-02
6.467661691542289648e-02
8.626974483596595855e-02
2.466718872357086950e-02
1.959564541213063560e-01
2.268431001890358623e-02
2.571257723739286960e-02
8.203125000000000000e-02
1.451612903225806168e-02
1.558691468890314180e-01
3.287855065980765934e-02
8.438818565400843172e-03
1.522344082501227852e-02
2.571257723739286960e-02
3.871439006574141362e-02
1.959564541213063560e-01
1.522344082501227852e-02
1.827676240208877395e-02
2.174317041442111118e-02
7.808374198415693468e-02
1.067299140231248167e-02
7.405375754251234885e-03
4.033864541832669209e-02
2.792140641158221206e-02
3.424657534246574458e-02
9.526558891454964609e-03
3.030303030303030040e-02
1.067299140231248167e-02
1.316201817612033809e-02
4.203821656050955868e-02
4.593008420515438429e-03
1.009214567792891815e-02
2.133891213389120523e-01
2.083333333333333565e-02
2.679658952496954613e-02
1.827676240208877395e-02
6.467661691542289648e-02
1.277292576419213899e-01
2.908937605396290024e-02
2.576505429417568771e-01
1.827676240208877395e-02
2.174317041442111118e-02
1.522344082501227852e-02
4.203821656050955868e-02
2.792140641158221206e-02
1.009214567792891815e-02
1.382927992370052567e-02
4.764512595837897685e-02
1.522344082501227852e-02
6.771545827633379533e-02
1.067299140231248167e-02
4.203821656050955868e-02
1.827676240208877395e-02
2.571257723739286960e-02
2.571257723739286960e-02
3.156510302498904269e-02
1.995326262807837689e-02
4.568527918781725011e-02
5.034206789725055586e-03
3.030303030303030040e-02
4.033864541832669209e-02
2.365839584535487164e-02
1.009214567792891815e-02
1.451612903225806168e-02
4.970513900589722950e-02
1.382927992370052567e-02
3.716055264411624592e-02
4.381846635367760839e-02
4.568527918781725011e-02
1.009214567792891815e-02
4.203821656050955868e-02
4.033864541832669209e-02
1.188299817184643691e-02
2.792140641158221206e-02
9.526558891454964609e-03
1.188299817184643691e-02
1.251351768886142281e-02
2.365839584535487164e-02
1.009214567792891815e-02
4.970513900589722950e-02
4.764512595837897685e-02
3.287855065980765934e-02
6.907761072734661285e-03
1.451612903225806168e-02
3.871439006574141362e-02
1.747772446881425829e-02
3.716055264411624592e-02
1.251351768886142281e-02
2.863340563991322307e-01
5.187319884726224184e-02
1.188299817184643691e-02
3.287855065980765934e-02
2.174317041442111118e-02
8.438818565400843172e-03
6.907761072734661285e-03
2.174317041442111118e-02
3.030303030303030040e-02
1.251351768886142281e-02
7.094952347334980425e-02
1.522344082501227852e-02
1.827676240208877395e-02
3.287855065980765934e-02
1.595214356929212582e-02
1.522344082501227852e-02
2.679658952496954613e-02
1.009214567792891815e-02
1.126972201352366421e-02
2.908937605396290024e-02
8.438818565400843172e-03
3.030303030303030040e-02
1.009214567792891815e-02
1.451612903225806168e-02
1.595214356929212582e-02
1.675749318801089405e-01
3.287855065980765934e-02
1.451612903225806168e-02
2.466718872357086950e-02
4.203821656050955868e-02
8.438818565400843172e-03
4.568527918781725011e-02
2.268431001890358623e-02
2.083333333333333565e-02
4.970513900589722950e-02
7.915567282321900322e-03
2.083333333333333565e-02
2.268431001890358623e-02
6.467661691542289648e-02
2.908937605396290024e-02
1.188299817184643691e-02
2.576505429417568771e-01
2.133891213389120523e-01
4.203821656050955868e-02
1.995326262807837689e-02
1.670322254091445927e-02
9.526558891454964609e-03
2.571257723739286960e-02
9.575863576738080640e-02
1.009214567792891815e-02
1.595214356929212582e-02
5.911792305286205085e-02
3.030303030303030040e-02
7.439824945295403502e-02
1.251351768886142281e-02
1.747772446881425829e-02
2.083333333333333565e-02
9.526558891454964609e-03
2.083333333333333565e-02
2.466718872357086950e-02
2.365839584535487164e-02
3.156510302498904269e-02
1.132075471698113373e-01
2.083333333333333565e-02
4.764512595837897685e-02
1.595214356929212582e-02
2.174317041442111118e-02
3.871439006574141362e-02
1.382927992370052567e-02
1.009214567792891815e-02
3.156510302498904269e-02
1.451612903225806168e-02
4.033864541832669209e-02
1.747772446881425829e-02
1.454545454545453642e-01
1.747772446881425829e-02
4.203821656050955868e-02
3.567265096759151405e-02
1.595214356929212582e-02
1.595214356929212582e-02
4.568527918781725011e-02
1.747772446881425829e-02
1.009214567792891815e-02
1.747772446881425829e-02
1.188299817184643691e-02
7.915567282321900322e-03
3.156510302498904269e-02
3.716055264411624592e-02
4.203821656050955868e-02
2.336956521739131376e-01
1.670322254091445927e-02
6.907761072734661285e-03
7.915567282321900322e-03
2.174317041442111118e-02
4.946236559139781663e-01
1.068883610451306226e-01
3.716055264411624592e-02
1.451612903225806168e-02
1.747772446881425829e-02
3.648648648648644133e-01
9.526558891454964609e-03
1.251351768886142281e-02
4.033864541832669209e-02
4.764512595837897685e-02
1.010928961748633753e-01
1.132075471698113373e-01
4.203821656050955868e-02
3.716055264411624592e-02
3.424657534246574458e-02
1.251351768886142281e-02
4.970513900589722950e-02
3.212996389891699112e-01
1.670322254091445927e-02
2.679658952496954613e-02
1.188299817184643691e-02
3.287855065980765934e-02
1.126972201352366421e-02
4.970513900589722950e-02
3.156510302498904269e-02
4.568527918781725011e-02
2.083333333333333565e-02
5.911792305286205085e-02
9.526558891454964609e-03
1.316201817612033809e-02
2.908937605396290024e-02
1.188299817184643691e-02
3.716055264411624592e-02
2.268431001890358623e-02
1.670322254091445927e-02
4.568527918781725011e-02
1.808278867102396936e-01
2.863340563991322307e-01
3.716055264411624592e-02
1.910152104704633882e-02
1.126972201352366421e-02
4.203821656050955868e-02
7.915567282321900322e-03
2.466718872357086950e-02
1.910152104704633882e-02
1.670322254091445927e-02
1.316201817612033809e-02
7.915567282321900322e-03
3.156510302498904269e-02
1.595214356929212582e-02
2.268431001890358623e-02
2.466718872357086950e-02
5.911792305286205085e-02
2.133891213389120523e-01
1.316201817612033809e-02
7.094952347334980425e-02
2.466718872357086950e-02
4.970513900589722950e-02
1.451612903225806168e-02
1.451612903225806168e-02
3.156510302498904269e-02
1.382927992370052567e-02
4.161937192584184812e-03
2.174317041442111118e-02
8.975637555207294921e-03
4.203821656050955868e-02
3.424657534246574458e-02
1.808278867102396936e-01
1.316201817612033809e-02
1.382927992370052567e-02
9.575863576738080640e-02
3.567265096759151405e-02
3.424657534246574458e-02
1.382927992370052567e-02
1.067299140231248167e-02
1.747772446881425829e-02
7.439824945295403502e-02
1.382927992370052567e-02
2.908937605396290024e-02
9.083263246425569981e-02
4.946236559139781663e-01
1.522344082501227852e-02
1.251351768886142281e-02
1.827676240208877395e-02
2.576505429417568771e-01
1.188299817184643691e-02
2.133891213389120523e-01
1.010928961748633753e-01
3.212996389891699112e-01
3.716055264411624592e-02
1.910152104704633882e-02
7.094952347334980425e-02
1.522344082501227852e-02
1.009214567792891815e-02
1.827676240208877395e-02
1.009214567792891815e-02
4.161937192584184812e-03
1.451612903225806168e-02
3.424657534246574458e-02
1.910152104704633882e-02
3.716055264411624592e-02
5.415803492157441473e-02
1.361286616886847045e-01
3.156510302498904269e-02
1.910152104704633882e-02
1.188299817184643691e-02
1.382927992370052567e-02
1.595214356929212582e-02
2.571257723739286960e-02
7.094952347334980425e-02
2.908937605396290024e-02
1.995326262807837689e-02
6.771545827633379533e-02
1.382927992370052567e-02
2.908937605396290024e-02
7.094952347334980425e-02
8.975637555207294921e-03
2.571257723739286960e-02
1.995326262807837689e-02
1.188299817184643691e-02
3.030303030303030040e-02
7.808374198415693468e-02
3.030303030303030040e-02
9.083263246425569981e-02
6.771545827633379533e-02
1.316201817612033809e-02
1.251351768886142281e-02
1.670322254091445927e-02
3.567265096759151405e-02
4.568527918781725011e-02
7.915567282321900322e-03
3.156510302498904269e-02
3.648648648648644133e-01
3.030303030303030040e-02
9.083263246425569981e-02
2.571257723739286960e-02
1.454545454545453642e-01
4.593008420515438429e-03
1.451612903225806168e-02
5.911792305286205085e-02
2.268431001890358623e-02
1.382927992370052567e-02
1.595214356929212582e-02
1.808278867102396936e-01
2.083333333333333565e-02
1.009214567792891815e-02
2.679658952496954613e-02
2.083333333333333565e-02
8.438818565400843172e-03
1.670322254091445927e-02
1.382927992370052567e-02
3.424657534246574458e-02
2.792140641158221206e-02
2.268431001890358623e-02
3.287855065980765934e-02
7.808374198415693468e-02
2.571257723739286960e-02
5.415803492157441473e-02
2.571257723739286960e-02
1.522344082501227852e-02
3.424657534246574458e-02
1.067299140231248167e-02
5.485893416927899689e-03
5.656934306569343790e-02
7.405375754251234885e-03
1.522344082501227852e-02
7.915567282321900322e-03
1.382927992370052567e-02
2.174317041442111118e-02
4.206471494607087469e-01
7.915567282321900322e-03
1.522344082501227852e-02
1.747772446881425829e-02
8.203125000000000000e-02
3.567265096759151405e-02
1.747772446881425829e-02
1.316201817612033809e-02
2.083333333333333565e-02
6.422263848006422131e-03
4.203821656050955868e-02
5.415803492157441473e-02
4.970513900589722950e-02
1.382927992370052567e-02
2.083333333333333565e-02
1.188299817184643691e-02
7.094952347334980425e-02
1.201248049921996713e-01
3.287855065980765934e-02
1.522344082501227852e-02
1.595214356929212582e-02
2.679658952496954613e-02
1.827676240208877395e-02
1.959564541213063560e-01
1.995326262807837689e-02
1.747772446881425829e-02
1.126972201352366421e-02
6.181584030907919664e-02
1.251351768886142281e-02
1.995326262807837689e-02
1.558691468890314180e-01
2.083333333333333565e-02
3.156510302498904269e-02
3.156510302498904269e-02
6.181584030907919664e-02
4.033864541832669209e-02
5.034206789725055586e-03
3.716055264411624592e-02
1.670322254091445927e-02
4.764512595837897685e-02
4.381846635367760839e-02
1.126972201352366421e-02
2.083333333333333565e-02
8.203125000000000000e-02
3.871439006574141362e-02
2.679658952496954613e-02
1.670322254091445927e-02
2.133891213389120523e-01
1.067299140231248167e-02
7.915567282321900322e-03
9.526558891454964609e-03
2.268431001890358623e-02
2.792140641158221206e-02
3.716055264411624592e-02
1.522344082501227852e-02
2.679658952496954613e-02
5.656934306569343790e-02
1.522344082501227852e-02
8.975637555207294921e-03
1.132075471698113373e-01
7.405375754251234885e-03
1.251351768886142281e-02
5.656934306569343790e-02
4.381846635367760839e-02
1.251351768886142281e-02
7.405375754251234885e-03
1.067299140231248167e-02
6.181584030907919664e-02
8.975637555207294921e-03
5.415803492157441473e-02
4.206471494607087469e-01
3.871439006574141362e-02
6.771545827633379533e-02
1.009214567792891815e-02
2.174317041442111118e-02
1.959564541213063560e-01
1.595214356929212582e-02
5.911792305286205085e-02
2.576505429417568771e-01
2.174317041442111118e-02
4.764512595837897685e-02
2.908937605396290024e-02
1.010928961748633753e-01
1.188299817184643691e-02
2.571257723739286960e-02
4.381846635367760839e-02
2.365839584535487164e-02
1.959564541213063560e-01
1.595214356929212582e-02
1.959564541213063560e-01
3.156510302498904269e-02
1.808278867102396936e-01
2.083333333333333565e-02
1.910152104704633882e-02
4.946236559139781663e-01
2.679658952496954613e-02
1.670322254091445927e-02
7.915567282321900322e-03
2.174317041442111118e-02
1.067299140231248167e-02
1.910152104704633882e-02
2.679658952496954613e-02
1.910152104704633882e-02
1.451612903225806168e-02
4.764512595837897685e-02
5.948446794448115395e-03
3.716055264411624592e-02
1.747772446881425829e-02
6.907761072734661285e-03
4.203821656050955868e-02
9.083263246425569981e-02
1.595214356929212582e-02
2.679658952496954613e-02
2.268431001890358623e-02
1.251351768886142281e-02
4.203821656050955868e-02
1.910152104704633882e-02
1.747772446881425829e-02
7.808374198415693468e-02
2.365839584535487164e-02
1.067299140231248167e-02
1.251351768886142281e-02
1.132075471698113373e-01
1.451612903225806168e-02
1.995326262807837689e-02
1.808278867102396936e-01
2.083333333333333565e-02
4.764512595837897685e-02
6.467661691542289648e-02
1.995326262807837689e-02
1.827676240208877395e-02
6.181584030907919664e-02
2.174317041442111118e-02
1.382927992370052567e-02
7.094952347334980425e-02
1.126972201352366421e-02
1.126972201352366421e-02
9.526558891454964609e-03
2.268431001890358623e-02
2.365839584535487164e-02
3.424657534246574458e-02
1.009214567792891815e-02
2.268431001890358623e-02
1.827676240208877395e-02
1.827676240208877395e-02
5.415803492157441473e-02
2.268431001890358623e-02
4.764512595837897685e-02
4.568527918781725011e-02
7.439824945295403502e-02
8.975637555207294921e-03
4.764512595837897685e-02
1.316201817612033809e-02
1.201248049921996713e-01
3.871439006574141362e-02
1.910152104704633882e-02
3.716055264411624592e-02
4.970513900589722950e-02
1.451612903225806168e-02
8.438818565400843172e-03
2.863340563991322307e-01
4.381846635367760839e-02
1.995326262807837689e-02
1.995326262807837689e-02
2.174317041442111118e-02
1.251351768886142281e-02
1.747772446881425829e-02
1.009214567792891815e-02
1.067299140231248167e-02
1.827676240208877395e-02
2.792140641158221206e-02
1.316201817612033809e-02
4.593008420515438429e-03
1.595214356929212582e-02
1.595214356929212582e-02
9.526558891454964609e-03
3.648648648648644133e-01
1.126972201352366421e-02
5.415803492157441473e-02
3.567265096759151405e-02
1.995326262807837689e-02
1.522344082501227852e-02
1.827676240208877395e-02
1.595214356929212582e-02
7.094952347334980425e-02
1.910152104704633882e-02
2.466718872357086950e-02
5.187319884726224184e-02
1.747772446881425829e-02
1.382927992370052567e-02
1.522344082501227852e-02
1.068883610451306226e-01
2.576505429417568771e-01
8.438818565400843172e-03
7.915567282321900322e-03
3.156510302498904269e-02
2.268431001890358623e-02
5.034206789725055586e-03
4.764512595837897685e-02
3.424657534246574458e-02
4.970513900589722950e-02
2.083333333333333565e-02
1.670322254091445927e-02
1.188299817184643691e-02
9.526558891454964609e-03
1.126972201352366421e-02
4.568527918781725011e-02
4.033864541832669209e-02
4.568527918781725011e-02
6.771545827633379533e-02
1.451612903225806168e-02
1.595214356929212582e-02
2.908937605396290024e-02
4.203821656050955868e-02
1.747772446881425829e-02
1.595214356929212582e-02
2.792140641158221206e-02
4.970513900589722950e-02
2.365839584535487164e-02
1.188299817184643691e-02
1.382927992370052567e-02
1.808278867102396936e-01
1.522344082501227852e-02
3.648648648648644133e-01
5.485893416927899689e-03
1.558691468890314180e-01
2.268431001890358623e-02
2.174317041442111118e-02
3.567265096759151405e-02
2.268431001890358623e-02
1.382927992370052567e-02
1.670322254091445927e-02
5.911792305286205085e-02
2.571257723739286960e-02
1.316201817612033809e-02
3.567265096759151405e-02
1.251351768886142281e-02
4.381846635367760839e-02
1.670322254091445927e-02
3.156510302498904269e-02
8.203125000000000000e-02
4.568527918781725011e-02
1.132075471698113373e-01
1.995326262807837689e-02
7.094952347334980425e-02
1.009214567792891815e-02
3.871439006574141362e-02
2.571257723739286960e-02
1.995326262807837689e-02
3.567265096759151405e-02
1.827676240208877395e-02
3.567265096759151405e-02
1.361286616886847045e-01
1.188299817184643691e-02
1.009214567792891815e-02
1.747772446881425829e-02
2.466718872357086950e-02
2.083333333333333565e-02
1.827676240208877395e-02
7.915567282321900322e-03
1.251351768886142281e-02
2.336956521739131376e-01
1.670322254091445927e-02
1.827676240208877395e-02
1.188299817184643691e-02
1.995326262807837689e-02
1.067299140231248167e-02
2.268431001890358623e-02
7.915567282321900322e-03
2.133891213389120523e-01
8.438818565400843172e-03
1.595214356929212582e-02
1.009214567792891815e-02
1.827676240208877395e-02
2.268431001890358623e-02
1.454545454545453642e-01
3.030303030303030040e-02
1.067299140231248167e-02
1.361286616886847045e-01
1.316201817612033809e-02
1.451612903225806168e-02
1.009214567792891815e-02
1.132075471698113373e-01
1.009214567792891815e-02
5.415803492157441473e-02
1.675749318801089405e-01
6.771545827633379533e-02
1.522344082501227852e-02
2.863340563991322307e-01
1.316201817612033809e-02
7.808374198415693468e-02
4.203821656050955868e-02
1.454545454545453642e-01
1.522344082501227852e-02
4.033864541832669209e-02
1.595214356929212582e-02
2.792140641158221206e-02
2.571257723739286960e-02
1.747772446881425829e-02
2.083333333333333565e-02
2.365839584535487164e-02
1.067299140231248167e-02
1.454545454545453642e-01
2.863340563991322307e-01
2.083333333333333565e-02
2.133891213389120523e-01
3.424657534246574458e-02
3.424657534246574458e-02
8.975637555207294921e-03
1.827676240208877395e-02
1.451612903225806168e-02
2.268431001890358623e-02
2.792140641158221206e-02
3.287855065980765934e-02
7.808374198415693468e-02
8.626974483596595855e-02
1.522344082501227852e-02
3.287855065980765934e-02
1.454545454545453642e-01
1.251351768886142281e-02
2.863340563991322307e-01
1.382927992370052567e-02
8.975637555207294921e-03
3.030303030303030040e-02
2.679658952496954613e-02
1.808278867102396936e-01
2.174317041442111118e-02
1.277292576419213899e-01
2.083333333333333565e-02
1.067299140231248167e-02
3.567265096759151405e-02
2.571257723739286960e-02
4.033864541832669209e-02
1.558691468890314180e-01
2.174317041442111118e-02
7.915567282321900322e-03
1.558691468890314180e-01
8.975637555207294921e-03
2.365839584535487164e-02
1.910152104704633882e-02
2.571257723739286960e-02
1.995326262807837689e-02
6.467661691542289648e-02
7.439824945295403502e-02
3.871439006574141362e-02
2.133891213389120523e-01
1.126972201352366421e-02
1.747772446881425829e-02
1.808278867102396936e-01
1.522344082501227852e-02
1.522344082501227852e-02
8.975637555207294921e-03
2.083333333333333565e-02
2.571257723739286960e-02
4.593008420515438429e-03
4.033864541832669209e-02
1.188299817184643691e-02
1.451612903225806168e-02
1.316201817612033809e-02
4.203821656050955868e-02
2.792140641158221206e-02
1.451612903225806168e-02
1.747772446881425829e-02
4.033864541832669209e-02
1.558691468890314180e-01
4.203821656050955868e-02
5.656934306569343790e-02
1.251351768886142281e-02
1.361286616886847045e-01
1.126972201352366421e-02
4.970513900589722950e-02
4.203821656050955868e-02
1.316201817612033809e-02
2.083333333333333565e-02
1.251351768886142281e-02
5.187319884726224184e-02
1.670322254091445927e-02
2.466718872357086950e-02
8.626974483596595855e-02
3.212996389891699112e-01
4.593008420515438429e-03
3.648648648648644133e-01
1.067299140231248167e-02
1.522344082501227852e-02
4.381846635367760839e-02
2.571257723739286960e-02
5.911792305286205085e-02
2.336956521739131376e-01
1.522344082501227852e-02
1.454545454545453642e-01
2.336956521739131376e-01
2.083333333333333565e-02
3.424657534246574458e-02
1.009214567792891815e-02
6.771545827633379533e-02
2.133891213389120523e-01
1.132075471698113373e-01
1.188299817184643691e-02
2.571257723739286960e-02
1.595214356929212582e-02
3.156510302498904269e-02
1.910152104704633882e-02
3.716055264411624592e-02
2.365839584535487164e-02
4.033864541832669209e-02
1.522344082501227852e-02
1.316201817612033809e-02
2.268431001890358623e-02
3.567265096759151405e-02
3.030303030303030040e-02
8.438818565400843172e-03
2.571257723739286960e-02
2.792140641158221206e-02
2.365839584535487164e-02
3.212996389891699112e-01
1.277292576419213899e-01
6.181584030907919664e-02
3.030303030303030040e-02
1.995326262807837689e-02
2.268431001890358623e-02
1.995326262807837689e-02
1.451612903225806168e-02
1.595214356929212582e-02
1.201248049921996713e-01
2.466718872357086950e-02
9.526558891454964609e-03
2.863340563991322307e-01
4.764512595837897685e-02
1.910152104704633882e-02
4.033864541832669209e-02
1.675749318801089405e-01
2.466718872357086950e-02
8.203125000000000000e-02
1.316201817612033809e-02
1.747772446881425829e-02
2.083333333333333565e-02
2.863340563991322307e-01
9.526558891454964609e-03
1.251351768886142281e-02
4.970513900589722950e-02
3.424657534246574458e-02
1.995326262807837689e-02
6.771545827633379533e-02
1.251351768886142281e-02
2.083333333333333565e-02
2.174317041442111118e-02
2.792140641158221206e-02
7.915567282321900322e-03
1.201248049921996713e-01
1.201248049921996713e-01
1.522344082501227852e-02
1.595214356929212582e-02
1.522344082501227852e-02
4.764512595837897685e-02
1.808278867102396936e-01
2.083333333333333565e-02
4.970513900589722950e-02
3.567265096759151405e-02
1.126972201352366421e-02
1.451612903225806168e-02
2.174317041442111118e-02
2.365839584535487164e-02
4.764512595837897685e-02
3.567265096759151405e-02
2.792140641158221206e-02
9.526558891454964609e-03
5.911792305286205085e-02
1.827676240208877395e-02
4.764512595837897685e-02
1.316201817612033809e-02
2.466718872357086950e-02
2.174317041442111118e-02
5.948446794448115395e-03
9.526558891454964609e-03
1.316201817612033809e-02
3.156510302498904269e-02
1.316201817612033809e-02
3.212996389891699112e-01
7.439824945295403502e-02
3.716055264411624592e-02
1.827676240208877395e-02
1.747772446881425829e-02
4.033864541832669209e-02
2.365839584535487164e-02
1.451612903225806168e-02
3.716055264411624592e-02
4.568527918781725011e-02
5.656934306569343790e-02
3.716055264411624592e-02
3.871439006574141362e-02
1.251351768886142281e-02
1.277292576419213899e-01
4.033864541832669209e-02
6.907761072734661285e-03
3.871439006574141362e-02
1.201248049921996713e-01
3.287855065980765934e-02
4.764512595837897685e-02
6.181584030907919664e-02
2.466718872357086950e-02
1.522344082501227852e-02
3.716055264411624592e-02
3.287855065980765934e-02
5.415803492157441473e-02
3.567265096759151405e-02
1.132075471698113373e-01
2.083333333333333565e-02
1.251351768886142281e-02
1.188299817184643691e-02
1.451612903225806168e-02
2.083333333333333565e-02
1.067299140231248167e-02
3.567265096759151405e-02
8.203125000000000000e-02
2.466718872357086950e-02
1.670322254091445927e-02
4.568527918781725011e-02
2.908937605396290024e-02
2.679658952496954613e-02
2.083333333333333565e-02
1.454545454545453642e-01
3.567265096759151405e-02
5.485893416927899689e-03
1.067299140231248167e-02
1.451612903225806168e-02
1.361286616886847045e-01
8.203125000000000000e-02
1.747772446881425829e-02
3.212996389891699112e-01
2.365839584535487164e-02
3.424657534246574458e-02
3.156510302498904269e-02
2.365839584535487164e-02
1.995326262807837689e-02
4.203821656050955868e-02
1.382927992370052567e-02
1.747772446881425829e-02
5.656934306569343790e-02
1.251351768886142281e-02
3.287855065980765934e-02
1.251351768886142281e-02
1.747772446881425829e-02
2.365839584535487164e-02
1.451612903225806168e-02
4.203821656050955868e-02
1.009214567792891815e-02
7.405375754251234885e-03
6.467661691542289648e-02
1.995326262807837689e-02
9.526558891454964609e-03
3.287855065980765934e-02
3.287855065980765934e-02
1.382927992370052567e-02
1.670322254091445927e-02
1.451612903225806168e-02
1.451612903225806168e-02
1.747772446881425829e-02
1.747772446881425829e-02
1.277292576419213899e-01
3.212996389891699112e-01
5.187319884726224184e-02
3.567265096759151405e-02
1.126972201352366421e-02
2.268431001890358623e-02
1.995326262807837689e-02
1.382927992370052567e-02
3.424657534246574458e-02
4.764512595837897685e-02
8.626974483596595855e-02
6.907761072734661285e-03
1.522344082501227852e-02
3.030303030303030040e-02
4.593008420515438429e-03
1.188299817184643691e-02
4.203821656050955868e-02
3.424657534246574458e-02
2.908937605396290024e-02
8.203125000000000000e-02
2.466718872357086950e-02
4.381846635367760839e-02
2.679658952496954613e-02
1.251351768886142281e-02
1.201248049921996713e-01
6.422263848006422131e-03
2.365839584535487164e-02
1.747772446881425829e-02
9.526558891454964609e-03
2.466718872357086950e-02
6.771545827633379533e-02
1.595214356929212582e-02
1.067299140231248167e-02
1.675749318801089405e-01
2.466718872357086950e-02
2.466718872357086950e-02
1.747772446881425829e-02
1.382927992370052567e-02
2.365839584535487164e-02
2.466718872357086950e-02
1.827676240208877395e-02
3.287855065980765934e-02
2.083333333333333565e-02
2.268431001890358623e-02
5.656934306569343790e-02
4.203821656050955868e-02
3.156510302498904269e-02
1.995326262807837689e-02
1.382927992370052567e-02
1.361286616886847045e-01
2.679658952496954613e-02
9.526558891454964609e-03
3.212996389891699112e-01
2.083333333333333565e-02
1.382927992370052567e-02
1.995326262807837689e-02
9.526558891454964609e-03
3.030303030303030040e-02
2.466718872357086950e-02
2.576505429417568771e-01
2.083333333333333565e-02
1.009214567792891815e-02
3.156510302498904269e-02
1.126972201352366421e-02
3.567265096759151405e-02
4.593008420515438429e-03
5.911792305286205085e-02
1.251351768886142281e-02
1.747772446881425829e-02
4.381846635367760839e-02
4.203821656050955868e-02
2.571257723739286960e-02
2.083333333333333565e-02
2.365839584535487164e-02
1.747772446881425829e-02
2.792140641158221206e-02
1.361286616886847045e-01
3.030303030303030040e-02
1.670322254091445927e-02
1.959564541213063560e-01
2.792140641158221206e-02
1.067299140231248167e-02
3.716055264411624592e-02
1.995326262807837689e-02
8.438818565400843172e-03
2.083333333333333565e-02
1.132075471698113373e-01
6.467661691542289648e-02
1.670322254091445927e-02
4.381846635367760839e-02
1.010928961748633753e-01
2.792140641158221206e-02
1.126972201352366421e-02
5.485893416927899689e-03
2.792140641158221206e-02
1.009214567792891815e-02
1.316201817612033809e-02
1.522344082501227852e-02
8.975637555207294921e-03
1.451612903225806168e-02
2.083333333333333565e-02
2.863340563991322307e-01
4.033864541832669209e-02
8.203125000000000000e-02
1.067299140231248167e-02
2.466718872357086950e-02
1.068883610451306226e-01
1.188299817184643691e-02
3.287855065980765934e-02
4.568527918781725011e-02
4.593008420515438429e-03
1.451612903225806168e-02
1.451612903225806168e-02
1.558691468890314180e-01
7.439824945295403502e-02
4.206471494607087469e-01
5.187319884726224184e-02
1.201248049921996713e-01
2.679658952496954613e-02
2.792140641158221206e-02
3.212996389891699112e-01
1.009214567792891815e-02
3.424657534246574458e-02
9.526558891454964609e-03
3.156510302498904269e-02
2.908937605396290024e-02
2.174317041442111118e-02
1.382927992370052567e-02
3.871439006574141362e-02
5.656934306569343790e-02
2.083333333333333565e-02
1.595214356929212582e-02
1.382927992370052567e-02
2.133891213389120523e-01
2.365839584535487164e-02
4.033864541832669209e-02
1.451612903225806168e-02
3.871439006574141362e-02
2.083333333333333565e-02
4.203821656050955868e-02
1.277292576419213899e-01
1.382927992370052567e-02
1.009214567792891815e-02
4.764512595837897685e-02
4.764512595837897685e-02
1.067299140231248167e-02
1.201248049921996713e-01
1.595214356929212582e-02
1.670322254091445927e-02
1.067299140231248167e-02
3.287855065980765934e-02
4.764512595837897685e-02
5.656934306569343790e-02
2.571257723739286960e-02
3.567265096759151405e-02
7.094952347334980425e-02
1.827676240208877395e-02
2.174317041442111118e-02
2.083333333333333565e-02
1.522344082501227852e-02
2.268431001890358623e-02
2.679658952496954613e-02
4.970513900589722950e-02
1.382927992370052567e-02
1.382927992370052567e-02
1.670322254091445927e-02
1.451612903225806168e-02
2.571257723739286960e-02
1.009214567792891815e-02
4.033864541832669209e-02
1.010928961748633753e-01
1.316201817612033809e-02
4.203821656050955868e-02
4.970513900589722950e-02
1.910152104704633882e-02
9.526558891454964609e-03
2.792140641158221206e-02
1.132075471698113373e-01
4.381846635367760839e-02
8.975637555207294921e-03
1.995326262807837689e-02
2.571257723739286960e-02
7.915567282321900322e-03
2.174317041442111118e-02
1.188299817184643691e-02
1.910152104704633882e-02
2.792140641158221206e-02
1.827676240208877395e-02
1.316201817612033809e-02
4.033864541832669209e-02
8.626974483596595855e-02
3.567265096759151405e-02
1.959564541213063560e-01
2.576505429417568771e-01
1.126972201352366421e-02
1.827676240208877395e-02
2.083333333333333565e-02
4.206471494607087469e-01
1.910152104704633882e-02
1.595214356929212582e-02
1.827676240208877395e-02
8.626974483596595855e-02
4.568527918781725011e-02
4.203821656050955868e-02
4.764512595837897685e-02
2.571257723739286960e-02
4.033864541832669209e-02
3.287855065980765934e-02
1.188299817184643691e-02
1.827676240208877395e-02
1.382927992370052567e-02
1.277292576419213899e-01
8.438818565400843172e-03
1.595214356929212582e-02
1.595214356929212582e-02
4.206471494607087469e-01
1.522344082501227852e-02
3.424657534246574458e-02
3.648648648648644133e-01
1.188299817184643691e-02
7.915567282321900322e-03
1.316201817612033809e-02
1.827676240208877395e-02
5.656934306569343790e-02
3.030303030303030040e-02
4.764512595837897685e-02
2.268431001890358623e-02
1.454545454545453642e-01
2.083333333333333565e-02
2.679658952496954613e-02
1.251351768886142281e-02
1.188299817184643691e-02
3.871439006574141362e-02
2.571257723739286960e-02
7.405375754251234885e-03
1.747772446881425829e-02
3.030303030303030040e-02
2.083333333333333565e-02
3.030303030303030040e-02
1.670322254091445927e-02
1.010928961748633753e-01
1.277292576419213899e-01
7.808374198415693468e-02
2.571257723739286960e-02
3.648648648648644133e-01
1.522344082501227852e-02
2.083333333333333565e-02
4.970513900589722950e-02
7.405375754251234885e-03
1.316201817612033809e-02
3.156510302498904269e-02
1.132075471698113373e-01
4.764512595837897685e-02
4.568527918781725011e-02
1.808278867102396936e-01
2.133891213389120523e-01
2.908937605396290024e-02
4.206471494607087469e-01
1.670322254091445927e-02
8.975637555207294921e-03
6.181584030907919664e-02
8.975637555207294921e-03
1.522344082501227852e-02
2.792140641158221206e-02
1.067299140231248167e-02
1.451612903225806168e-02
2.679658952496954613e-02
1.126972201352366421e-02
3.567265096759151405e-02
2.268431001890358623e-02
9.575863576738080640e-02
2.679658952496954613e-02
1.747772446881425829e-02
1.251351768886142281e-02
1.595214356929212582e-02
1.316201817612033809e-02
1.382927992370052567e-02
1.316201817612033809e-02
4.203821656050955868e-02
3.871439006574141362e-02
1.910152104704633882e-02
1.747772446881425829e-02
1.277292576419213899e-01
9.526558891454964609e-03
1.067299140231248167e-02
1.361286616886847045e-01
2.571257723739286960e-02
1.316201817612033809e-02
4.381846635367760839e-02
3.716055264411624592e-02
3.716055264411624592e-02
3.424657534246574458e-02
3.567265096759151405e-02
7.439824945295403502e-02
1.382927992370052567e-02
3.567265096759151405e-02
2.466718872357086950e-02
1.316201817612033809e-02
1.827676240208877395e-02
5.034206789725055586e-03
2.268431001890358623e-02
6.467661691542289648e-02
4.568527918781725011e-02
9.526558891454964609e-03
3.648648648648644133e-01
4.033864541832669209e-02
2.083333333333333565e-02
2.908937605396290024e-02
1.595214356929212582e-02
4.764512595837897685e-02
1.009214567792891815e-02
1.595214356929212582e-02
5.415803492157441473e-02
1.382927992370052567e-02
1.595214356929212582e-02
1.010928961748633753e-01
3.156510302498904269e-02
3.716055264411624592e-02
1.454545454545453642e-01
1.126972201352366421e-02
2.679658952496954613e-02
4.381846635367760839e-02
1.827676240208877395e-02
3.156510302498904269e-02
9.575863576738080640e-02
1.827676240208877395e-02
1.251351768886142281e-02
4.568527918781725011e-02
3.567265096759151405e-02
3.156510302498904269e-02
5.034206789725055586e-03
3.716055264411624592e-02
1.670322254091445927e-02
1.067299140231248167e-02
2.679658952496954613e-02
6.907761072734661285e-03
6.181584030907919664e-02
7.808374198415693468e-02
3.212996389891699112e-01
1.827676240208877395e-02
1.747772446881425829e-02
1.522344082501227852e-02
3.424657534246574458e-02
1.316201817612033809e-02
1.522344082501227852e-02
4.593008420515438429e-03
3.287855065980765934e-02
1.995326262807837689e-02
9.575863576738080640e-02
1.959564541213063560e-01
1.188299817184643691e-02
7.915567282321900322e-03
1.995326262807837689e-02
2.466718872357086950e-02
4.970513900589722950e-02
1.595214356929212582e-02
3.871439006574141362e-02
2.908937605396290024e-02
6.771545827633379533e-02
1.522344082501227852e-02
2.174317041442111118e-02
8.438818565400843172e-03
2.679658952496954613e-02
1.126972201352366421e-02
2.336956521739131376e-01
1.454545454545453642e-01
1.747772446881425829e-02
2.466718872357086950e-02
1.595214356929212582e-02
1.382927992370052567e-02
1.067299140231248167e-02
2.466718872357086950e-02
1.995326262807837689e-02
8.438818565400843172e-03
5.415803492157441473e-02
2.679658952496954613e-02
4.381846635367760839e-02
1.009214567792891815e-02
1.188299817184643691e-02
1.451612903225806168e-02
1.595214356929212582e-02
1.747772446881425829e-02
1.251351768886142281e-02
8.438818565400843172e-03
1.277292576419213899e-01
5.187319884726224184e-02
1.910152104704633882e-02
1.188299817184643691e-02
5.415803492157441473e-02
1.451612903225806168e-02
2.336956521739131376e-01
4.593008420515438429e-03
1.827676240208877395e-02
2.365839584535487164e-02
1.595214356929212582e-02
1.522344082501227852e-02
5.911792305286205085e-02
1.132075471698113373e-01
2.466718872357086950e-02
2.576505429417568771e-01
2.268431001890358623e-02
1.522344082501227852e-02
4.033864541832669209e-02
1.132075471698113373e-01
1.451612903225806168e-02
1.067299140231248167e-02
2.268431001890358623e-02
1.670322254091445927e-02
1.251351768886142281e-02
6.771545827633379533e-02
1.959564541213063560e-01
4.203821656050955868e-02
5.656934306569343790e-02
7.915567282321900322e-03
7.915567282321900322e-03
2.365839584535487164e-02
6.771545827633379533e-02
3.030303030303030040e-02
2.083333333333333565e-02
2.083333333333333565e-02
2.336956521739131376e-01
3.030303030303030040e-02
1.595214356929212582e-02
1.382927992370052567e-02
1.188299817184643691e-02
3.567265096759151405e-02
6.467661691542289648e-02
5.656934306569343790e-02
3.212996389891699112e-01
1.910152104704633882e-02
2.792140641158221206e-02
1.132075471698113373e-01
4.764512595837897685e-02
2.792140641158221206e-02
2.679658952496954613e-02
1.009214567792891815e-02
2.174317041442111118e-02
7.808374198415693468e-02
3.287855065980765934e-02
6.467661691542289648e-02
4.206471494607087469e-01
8.438818565400843172e-03
3.030303030303030040e-02
1.188299817184643691e-02
1.995326262807837689e-02
5.034206789725055586e-03
1.068883610451306226e-01
4.381846635367760839e-02
2.466718872357086950e-02
9.083263246425569981e-02
4.203821656050955868e-02
1.382927992370052567e-02
2.268431001890358623e-02
1.558691468890314180e-01
1.451612903225806168e-02
1.808278867102396936e-01
3.030303030303030040e-02
1.747772446881425829e-02
4.381846635367760839e-02
3.287855065980765934e-02
1.316201817612033809e-02
5.911792305286205085e-02
1.451612903225806168e-02
3.716055264411624592e-02
1.188299817184643691e-02
9.526558891454964609e-03
2.466718872357086950e-02
3.871439006574141362e-02
7.439824945295403502e-02
1.995326262807837689e-02
3.567265096759151405e-02
2.908937605396290024e-02
3.716055264411624592e-02
2.571257723739286960e-02
6.771545827633379533e-02
1.454545454545453642e-01
6.181584030907919664e-02
1.009214567792891815e-02
5.911792305286205085e-02
2.268431001890358623e-02
2.174317041442111118e-02
1.382927992370052567e-02
1.522344082501227852e-02
1.910152104704633882e-02
1.670322254091445927e-02
3.287855065980765934e-02
2.571257723739286960e-02
4.381846635367760839e-02
1.382927992370052567e-02
1.747772446881425829e-02
1.251351768886142281e-02
3.287855065980765934e-02
2.174317041442111118e-02
3.030303030303030040e-02
2.083333333333333565e-02
4.946236559139781663e-01
5.911792305286205085e-02
1.995326262807837689e-02
1.067299140231248167e-02
1.126972201352366421e-02
2.365839584535487164e-02
4.970513900589722950e-02
1.995326262807837689e-02
2.571257723739286960e-02
1.451612903225806168e-02
1.827676240208877395e-02
2.365839584535487164e-02
8.975637555207294921e-03
2.365839584535487164e-02
2.571257723739286960e-02
1.522344082501227852e-02
8.975637555207294921e-03
2.466718872357086950e-02
3.030303030303030040e-02
2.576505429417568771e-01
1.009214567792891815e-02
1.995326262807837689e-02
3.212996389891699112e-01
2.576505429417568771e-01
4.946236559139781663e-01
4.203821656050955868e-02
2.466718872357086950e-02
4.970513900589722950e-02
1.126972201352366421e-02
6.771545827633379533e-02
2.466718872357086950e-02
1.251351768886142281e-02
1.382927992370052567e-02
1.188299817184643691e-02
1.451612903225806168e-02
2.174317041442111118e-02
1.188299817184643691e-02
6.467661691542289648e-02
5.187319884726224184e-02
2.083333333333333565e-02
1.316201817612033809e-02
1.595214356929212582e-02
1.747772446881425829e-02
3.567265096759151405e-02
3.424657534246574458e-02
2.365839584535487164e-02
2.466718872357086950e-02
8.626974483596595855e-02
7.808374198415693468e-02
8.975637555207294921e-03
9.526558891454964609e-03
8.203125000000000000e-02
3.871439006574141362e-02
1.188299817184643691e-02
1.522344082501227852e-02
3.716055264411624592e-02
3.567265096759151405e-02
3.212996389891699112e-01
1.454545454545453642e-01
3.030303030303030040e-02
1.522344082501227852e-02
2.365839584535487164e-02
1.827676240208877395e-02
1.188299817184643691e-02
1.522344082501227852e-02
4.568527918781725011e-02
2.679658952496954613e-02
1.382927992370052567e-02
9.526558891454964609e-03
3.156510302498904269e-02
2.336956521739131376e-01
6.422263848006422131e-03
1.670322254091445927e-02
2.083333333333333565e-02
1.670322254091445927e-02
1.067299140231248167e-02
9.526558891454964609e-03
4.033864541832669209e-02
3.567265096759151405e-02
8.975637555207294921e-03
8.438818565400843172e-03
2.268431001890358623e-02
1.959564541213063560e-01
8.975637555207294921e-03
9.526558891454964609e-03
1.595214356929212582e-02
5.187319884726224184e-02
8.975637555207294921e-03
2.083333333333333565e-02
1.808278867102396936e-01
2.174317041442111118e-02
8.438818565400843172e-03
2.908937605396290024e-02
1.451612903225806168e-02
2.365839584535487164e-02
1.910152104704633882e-02
1.251351768886142281e-02
9.083263246425569981e-02
1.910152104704633882e-02
1.132075471698113373e-01
1.361286616886847045e-01
4.593008420515438429e-03
3.567265096759151405e-02
4.203821656050955868e-02
1.382927992370052567e-02
3.648648648648644133e-01
1.382927992370052567e-02
1.995326262807837689e-02
1.188299817184643691e-02
3.871439006574141362e-02
1.010928961748633753e-01
1.451612903225806168e-02
3.030303030303030040e-02
5.187319884726224184e-02
4.568527918781725011e-02
2.679658952496954613e-02
1.067299140231248167e-02
8.975637555207294921e-03
4.033864541832669209e-02
2.908937605396290024e-02
6.422263848006422131e-03
1.251351768886142281e-02
1.382927992370052567e-02
3.156510302498904269e-02
2.571257723739286960e-02
9.526558891454964609e-03
2.908937605396290024e-02
1.188299817184643691e-02
3.716055264411624592e-02
1.188299817184643691e-02
9.526558891454964609e-03
1.595214356929212582e-02
2.792140641158221206e-02
1.595214356929212582e-02
6.181584030907919664e-02
2.174317041442111118e-02
2.466718872357086950e-02
8.975637555207294921e-03
7.808374198415693468e-02
2.571257723739286960e-02
1.454545454545453642e-01
4.946236559139781663e-01
3.567265096759151405e-02
1.910152104704633882e-02
1.009214567792891815e-02
4.970513900589722950e-02
3.716055264411624592e-02
1.188299817184643691e-02
9.526558891454964609e-03
6.181584030907919664e-02
3.030303030303030040e-02
2.336956521739131376e-01
5.034206789725055586e-03
1.451612903225806168e-02
5.911792305286205085e-02
1.747772446881425829e-02
2.174317041442111118e-02
1.067299140231248167e-02
1.188299817184643691e-02
2.908937605396290024e-02
1.558691468890314180e-01
1.068883610451306226e-01
3.424657534246574458e-02
1.747772446881425829e-02
1.827676240208877395e-02
3.716055264411624592e-02
1.670322254091445927e-02
2.466718872357086950e-02
1.910152104704633882e-02
1.827676240208877395e-02
4.033864541832669209e-02
1.009214567792891815e-02
4.381846635367760839e-02
1.068883610451306226e-01
2.268431001890358623e-02
9.083263246425569981e-02
1.451612903225806168e-02
2.679658952496954613e-02
6.181584030907919664e-02
9.526558891454964609e-03
3.716055264411624592e-02
2.174317041442111118e-02
5.415803492157441473e-02
1.454545454545453642e-01
8.975637555207294921e-03
1.454545454545453642e-01
1.522344082501227852e-02
3.212996389891699112e-01
1.451612903225806168e-02
8.203125000000000000e-02
8.626974483596595855e-02
5.187319884726224184e-02
1.382927992370052567e-02
1.451612903225806168e-02
3.287855065980765934e-02
1.827676240208877395e-02
1.558691468890314180e-01
5.415803492157441473e-02
1.995326262807837689e-02
1.382927992370052567e-02
4.970513900589722950e-02
1.522344082501227852e-02
6.422263848006422131e-03
2.268431001890358623e-02
8.975637555207294921e-03
2.908937605396290024e-02
1.009214567792891815e-02
9.526558891454964609e-03
4.381846635367760839e-02
3.648648648648644133e-01
2.083333333333333565e-02
2.466718872357086950e-02
8.975637555207294921e-03
4.568527918781725011e-02
1.188299817184643691e-02
2.679658952496954613e-02
1.670322254091445927e-02
1.910152104704633882e-02
1.316201817612033809e-02
3.871439006574141362e-02
2.365839584535487164e-02
1.910152104704633882e-02
1.009214567792891815e-02
2.268431001890358623e-02
3.030303030303030040e-02
1.827676240208877395e-02
1.827676240208877395e-02
9.526558891454964609e-03
1.670322254091445927e-02
5.415803492157441473e-02
5.656934306569343790e-02
3.287855065980765934e-02
1.126972201352366421e-02
1.595214356929212582e-02
1.522344082501227852e-02
8.438818565400843172e-03
1.910152104704633882e-02
9.526558891454964609e-03
6.771545827633379533e-02
5.948446794448115395e-03
3.424657534246574458e-02
2.336956521739131376e-01
7.915567282321900322e-03
3.424657534246574458e-02
6.907761072734661285e-03
1.827676240208877395e-02
1.670322254091445927e-02
1.009214567792891815e-02
7.094952347334980425e-02
1.251351768886142281e-02
1.522344082501227852e-02
1.995326262807837689e-02
1.670322254091445927e-02
1.910152104704633882e-02
6.771545827633379533e-02
2.679658952496954613e-02
1.910152104704633882e-02
4.568527918781725011e-02
1.126972201352366421e-02
2.863340563991322307e-01
1.670322254091445927e-02
3.716055264411624592e-02
3.871439006574141362e-02
3.030303030303030040e-02
2.466718872357086950e-02
1.595214356929212582e-02
4.206471494607087469e-01
6.422263848006422131e-03
1.188299817184643691e-02
2.174317041442111118e-02
1.522344082501227852e-02
6.181584030907919664e-02
4.593008420515438429e-03
2.679658952496954613e-02
7.808374198415693468e-02
3.156510302498904269e-02
3.716055264411624592e-02
8.203125000000000000e-02
3.716055264411624592e-02
3.156510302498904269e-02
3.156510302498904269e-02
8.203125000000000000e-02
1.451612903225806168e-02
1.522344082501227852e-02
2.365839584535487164e-02
3.567265096759151405e-02
1.827676240208877395e-02
2.133891213389120523e-01
2.268431001890358623e-02
7.094952347334980425e-02
4.203821656050955868e-02
2.792140641158221206e-02
5.911792305286205085e-02
2.083333333333333565e-02
1.010928961748633753e-01
1.126972201352366421e-02
1.451612903225806168e-02
6.771545827633379533e-02
1.451612903225806168e-02
1.827676240208877395e-02
1.995326262807837689e-02
1.670322254091445927e-02
1.670322254091445927e-02
2.174317041442111118e-02
2.576505429417568771e-01
1.316201817612033809e-02
2.571257723739286960e-02
1.747772446881425829e-02
1.188299817184643691e-02
2.679658952496954613e-02
1.910152104704633882e-02
3.871439006574141362e-02
4.203821656050955868e-02
2.083333333333333565e-02
1.067299140231248167e-02
1.251351768886142281e-02
2.571257723739286960e-02
1.009214567792891815e-02
2.174317041442111118e-02
1.316201817612033809e-02
6.467661691542289648e-02
2.083333333333333565e-02
4.764512595837897685e-02
1.670322254091445927e-02
1.747772446881425829e-02
3.567265096759151405e-02
5.415803492157441473e-02
3.716055264411624592e-02
8.975637555207294921e-03
2.268431001890358623e-02
2.268431001890358623e-02
1.451612903225806168e-02
2.268431001890358623e-02
2.466718872357086950e-02
1.126972201352366421e-02
1.126972201352366421e-02
1.316201817612033809e-02
2.365839584535487164e-02
1.595214356929212582e-02
2.863340563991322307e-01
4.568527918781725011e-02
2.365839584535487164e-02
3.871439006574141362e-02
2.174317041442111118e-02
1.454545454545453642e-01
1.009214567792891815e-02
1.126972201352366421e-02
7.915567282321900322e-03
3.567265096759151405e-02
4.381846635367760839e-02
4.764512595837897685e-02
1.747772446881425829e-02
2.365839584535487164e-02
3.030303030303030040e-02
3.212996389891699112e-01
1.451612903225806168e-02
2.792140641158221206e-02
6.422263848006422131e-03
2.174317041442111118e-02
7.405375754251234885e-03
5.974304068522487965e-01
1.522344082501227852e-02
4.593008420515438429e-03
1.382927992370052567e-02
1.009214567792891815e-02
1.382927992370052567e-02
5.911792305286205085e-02
4.033864541832669209e-02
1.126972201352366421e-02
2.268431001890358623e-02
3.287855065980765934e-02
5.034206789725055586e-03
2.863340563991322307e-01
4.970513900589722950e-02
2.083333333333333565e-02
2.571257723739286960e-02
5.187319884726224184e-02
1.316201817612033809e-02
1.827676240208877395e-02
2.908937605396290024e-02
1.382927992370052567e-02
1.251351768886142281e-02
1.009214567792891815e-02
5.656934306569343790e-02
1.382927992370052567e-02
2.268431001890358623e-02
1.067299140231248167e-02
4.206471494607087469e-01
2.466718872357086950e-02
8.203125000000000000e-02
1.995326262807837689e-02
5.187319884726224184e-02
1.910152104704633882e-02
4.568527918781725011e-02
4.593008420515438429e-03
2.679658952496954613e-02
1.747772446881425829e-02
1.675749318801089405e-01
3.871439006574141362e-02
7.439824945295403502e-02
2.863340563991322307e-01
8.626974483596595855e-02
2.908937605396290024e-02
2.174317041442111118e-02
2.908937605396290024e-02
3.716055264411624592e-02
1.361286616886847045e-01
1.670322254091445927e-02
1.382927992370052567e-02
2.365839584535487164e-02
8.438818565400843172e-03
2.174317041442111118e-02
3.871439006574141362e-02
6.771545827633379533e-02
3.287855065980765934e-02
2.792140641158221206e-02
1.995326262807837689e-02
3.716055264411624592e-02
7.094952347334980425e-02
2.083333333333333565e-02
3.716055264411624592e-02
1.201248049921996713e-01
1.382927992370052567e-02
6.467661691542289648e-02
5.187319884726224184e-02
2.268431001890358623e-02
7.915567282321900322e-03
2.466718872357086950e-02
1.316201817612033809e-02
7.808374198415693468e-02
1.251351768886142281e-02
2.268431001890358623e-02
1.188299817184643691e-02
1.959564541213063560e-01
2.571257723739286960e-02
3.716055264411624592e-02
4.970513900589722950e-02
1.747772446881425829e-02
1.995326262807837689e-02
3.156510302498904269e-02
3.424657534246574458e-02
9.526558891454964609e-03
2.268431001890358623e-02
2.679658952496954613e-02
1.808278867102396936e-01
3.567265096759151405e-02
2.576505429417568771e-01
4.764512595837897685e-02
1.251351768886142281e-02
1.558691468890314180e-01
4.568527918781725011e-02
1.067299140231248167e-02
1.827676240208877395e-02
3.156510302498904269e-02
1.827676240208877395e-02
1.009214567792891815e-02
4.381846635367760839e-02
3.567265096759151405e-02
2.466718872357086950e-02
3.871439006574141362e-02
3.424657534246574458e-02
1.747772446881425829e-02
1.995326262807837689e-02
3.648648648648644133e-01
1.316201817612033809e-02
1.827676240208877395e-02
1.747772446881425829e-02
1.009214567792891815e-02
1.316201817612033809e-02
8.975637555207294921e-03
1.959564541213063560e-01
1.522344082501227852e-02
3.567265096759151405e-02
2.863340563991322307e-01
3.567265096759151405e-02
6.467661691542289648e-02
2.083333333333333565e-02
2.268431001890358623e-02
1.382927992370052567e-02
2.576505429417568771e-01
2.268431001890358623e-02
2.679658952496954613e-02
1.067299140231248167e-02
1.009214567792891815e-02
1.747772446881425829e-02
8.203125000000000000e-02
8.975637555207294921e-03
2.268431001890358623e-02
1.382927992370052567e-02
5.911792305286205085e-02
2.133891213389120523e-01
1.522344082501227852e-02
7.808374198415693468e-02
2.466718872357086950e-02
6.771545827633379533e-02
1.910152104704633882e-02
2.908937605396290024e-02
1.827676240208877395e-02
1.670322254091445927e-02
1.126972201352366421e-02
3.424657534246574458e-02
3.871439006574141362e-02
9.575863576738080640e-02
9.526558891454964609e-03
8.975637555207294921e-03
4.381846635367760839e-02
2.908937605396290024e-02
