1.190253045923147929e-01
6.611271676300575773e-02
1.104964332508370922e-01
1.030534351145036553e-01
6.317705173758558779e-02
7.942186605609613190e-03
1.910499139414802983e-01
6.611271676300575773e-02
8.971016715227724328e-03
1.030534351145036553e-01
1.707101896779887606e-01
1.707101896779887606e-01
7.662082514734772087e-02
6.930693069306925747e-02
6.046976511744130145e-02
6.611271676300575773e-02
8.549845484720158817e-02
7.662082514734772087e-02
1.404535479151422794e-01
4.312419026466778049e-02
1.030534351145036553e-01
6.046976511744130145e-02
8.549845484720158817e-02
6.611271676300575773e-02
6.317705173758558779e-02
1.104964332508370922e-01
6.437974440280581044e-03
9.650134563629383933e-02
8.549845484720158817e-02
9.068923821039900912e-02
1.541691661667665136e-01
1.030534351145036553e-01
8.083441981747059579e-02
6.733179338477415961e-03
6.317705173758558779e-02
6.317705173758558779e-02
7.706112108096695862e-03
1.404535479151422794e-01
1.030534351145036553e-01
6.046976511744130145e-02
1.030534351145036553e-01
6.046976511744130145e-02
8.549845484720158817e-02
4.173662748860635513e-02
1.192815684840729459e-02
8.083441981747059579e-02
1.030534351145036553e-01
6.046976511744130145e-02
5.564142194744976788e-02
1.541691661667665136e-01
5.796520484245969163e-02
7.279542316038667416e-02
1.104964332508370922e-01
8.438818565400843172e-03
1.288963774220725778e-01
1.104964332508370922e-01
6.317705173758558779e-02
3.688524590163932970e-02
9.068923821039900912e-02
8.549845484720158817e-02
5.796520484245969163e-02
1.030534351145036553e-01
6.937627896917166435e-03
6.046976511744130145e-02
9.650134563629383933e-02
8.083441981747059579e-02
4.459407953246092432e-02
6.248422115627366193e-03
9.068923821039900912e-02
8.083441981747059579e-02
6.046976511744130145e-02
4.781199351701778677e-02
5.564142194744976788e-02
6.611271676300575773e-02
1.288963774220725778e-01
7.662082514734772087e-02
3.120022486648553472e-02
8.083441981747059579e-02
8.549845484720158817e-02
6.930693069306925747e-02
5.796520484245969163e-02
1.030534351145036553e-01
6.046976511744130145e-02
8.083441981747059579e-02
1.190253045923147929e-01
4.312419026466778049e-02
8.083441981747059579e-02
7.279542316038667416e-02
6.733179338477415961e-03
8.083441981747059579e-02
1.541691661667665136e-01
8.549845484720158817e-02
3.688524590163932970e-02
2.499202042770501675e-01
1.288963774220725778e-01
9.650134563629383933e-02
9.650134563629383933e-02
3.292181069958847323e-02
1.104964332508370922e-01
7.148530579825258281e-03
5.796520484245969163e-02
9.650134563629383933e-02
1.030534351145036553e-01
7.477670844007476385e-03
1.707101896779887606e-01
6.046976511744130145e-02
8.549845484720158817e-02
7.662082514734772087e-02
1.288963774220725778e-01
8.549845484720158817e-02
1.404535479151422794e-01
6.611271676300575773e-02
8.083441981747059579e-02
1.030534351145036553e-01
3.688524590163932970e-02
9.650134563629383933e-02
4.459407953246092432e-02
4.312419026466778049e-02
1.288963774220725778e-01
1.288963774220725778e-01
9.650134563629383933e-02
1.190253045923147929e-01
7.662082514734772087e-02
3.292181069958847323e-02
1.104964332508370922e-01
7.662082514734772087e-02
3.688524590163932970e-02
9.650134563629383933e-02
1.190253045923147929e-01
8.083441981747059579e-02
8.083441981747059579e-02
6.248422115627366193e-03
1.030534351145036553e-01
1.404535479151422794e-01
9.650134563629383933e-02
1.190253045923147929e-01
4.781199351701778677e-02
1.274645533966677936e-02
4.173662748860635513e-02
7.662082514734772087e-02
8.083441981747059579e-02
9.068923821039900912e-02
9.650134563629383933e-02
6.317705173758558779e-02
8.063206883489366580e-03
7.042253521126759855e-03
8.549845484720158817e-02
4.312419026466778049e-02
3.582136657724475926e-02
5.796520484245969163e-02
1.404535479151422794e-01
5.564142194744976788e-02
8.549845484720158817e-02
5.347952562094430290e-02
1.404535479151422794e-01
1.030534351145036553e-01
1.190253045923147929e-01
1.190253045923147929e-01
6.611271676300575773e-02
4.615384615384618416e-02
6.342494714587738544e-03
4.957813262673452931e-02
1.288963774220725778e-01
9.068923821039900912e-02
6.930693069306925747e-02
5.885598675740296749e-03
7.662082514734772087e-02
5.796520484245969163e-02
1.541691661667665136e-01
1.288963774220725778e-01
4.459407953246092432e-02
9.650134563629383933e-02
6.930693069306925747e-02
4.042466312780729903e-02
6.342494714587738544e-03
4.312419026466778049e-02
7.662082514734772087e-02
1.190253045923147929e-01
9.650134563629383933e-02
1.190253045923147929e-01
5.564142194744976788e-02
5.796520484245969163e-02
5.564142194744976788e-02
7.662082514734772087e-02
1.190253045923147929e-01
1.135885570046277042e-02
8.083441981747059579e-02
7.662082514734772087e-02
5.796520484245969163e-02
9.068923821039900912e-02
4.312419026466778049e-02
2.962298025134648197e-02
6.930693069306925747e-02
8.549845484720158817e-02
1.104964332508370922e-01
1.104964332508370922e-01
3.384306843820505256e-02
8.083441981747059579e-02
5.564142194744976788e-02
1.030534351145036553e-01
6.046976511744130145e-02
1.288963774220725778e-01
8.083441981747059579e-02
7.279542316038667416e-02
1.570680628272251578e-02
1.707101896779887606e-01
8.083441981747059579e-02
3.918228279386712365e-02
1.404535479151422794e-01
8.083441981747059579e-02
7.662082514734772087e-02
4.173662748860635513e-02
1.030534351145036553e-01
1.404535479151422794e-01
1.404535479151422794e-01
1.288963774220725778e-01
5.347952562094430290e-02
8.083441981747059579e-02
4.312419026466778049e-02
4.173662748860635513e-02
1.541691661667665136e-01
7.662082514734772087e-02
8.063206883489366580e-03
9.068923821039900912e-02
8.438818565400843172e-03
4.957813262673452931e-02
6.930693069306925747e-02
1.288963774220725778e-01
7.042253521126759855e-03
7.279542316038667416e-02
4.781199351701778677e-02
1.190253045923147929e-01
8.549845484720158817e-02
8.549845484720158817e-02
8.549845484720158817e-02
6.317705173758558779e-02
1.104964332508370922e-01
7.590960649158015432e-03
5.347952562094430290e-02
1.288963774220725778e-01
7.148530579825258281e-03
7.662082514734772087e-02
5.347952562094430290e-02
6.317705173758558779e-02
6.317705173758558779e-02
8.568388433608990426e-03
1.288963774220725778e-01
6.046976511744130145e-02
6.437974440280581044e-03
5.146316851664982372e-02
1.104964332508370922e-01
1.404535479151422794e-01
5.146316851664982372e-02
5.564142194744976788e-02
6.046976511744130145e-02
3.582136657724475926e-02
9.068923821039900912e-02
1.404535479151422794e-01
7.279542316038667416e-02
4.781199351701778677e-02
4.173662748860635513e-02
1.190253045923147929e-01
5.564142194744976788e-02
7.662082514734772087e-02
8.083441981747059579e-02
6.611271676300575773e-02
6.930693069306925747e-02
6.930693069306925747e-02
6.317705173758558779e-02
4.781199351701778677e-02
1.707101896779887606e-01
7.662082514734772087e-02
6.611271676300575773e-02
4.459407953246092432e-02
8.549845484720158817e-02
7.279542316038667416e-02
6.611271676300575773e-02
9.650134563629383933e-02
2.499202042770501675e-01
5.564142194744976788e-02
1.030534351145036553e-01
1.190253045923147929e-01
5.347952562094430290e-02
6.611271676300575773e-02
7.662082514734772087e-02
6.317705173758558779e-02
3.800409359960168348e-02
6.064375680298553922e-03
1.404535479151422794e-01
1.030534351145036553e-01
1.104964332508370922e-01
6.611271676300575773e-02
7.662082514734772087e-02
5.146316851664982372e-02
7.279542316038667416e-02
7.148530579825258281e-03
1.030534351145036553e-01
1.030534351145036553e-01
4.615384615384618416e-02
2.948237059264819382e-01
1.104964332508370922e-01
7.662082514734772087e-02
1.030534351145036553e-01
6.930693069306925747e-02
8.549845484720158817e-02
8.083441981747059579e-02
9.650134563629383933e-02
8.549845484720158817e-02
1.190253045923147929e-01
7.942186605609613190e-03
9.650134563629383933e-02
1.030534351145036553e-01
1.404535479151422794e-01
5.796520484245969163e-02
6.046976511744130145e-02
9.068923821039900912e-02
2.499202042770501675e-01
8.083441981747059579e-02
4.957813262673452931e-02
7.590960649158015432e-03
9.650134563629383933e-02
1.288963774220725778e-01
1.707101896779887606e-01
8.549845484720158817e-02
1.910499139414802983e-01
1.190253045923147929e-01
5.796520484245969163e-02
1.404535479151422794e-01
1.000020450315957689e-02
1.030534351145036553e-01
8.083441981747059579e-02
8.083441981747059579e-02
1.030534351145036553e-01
7.366197908617938377e-03
1.707101896779887606e-01
6.534893102057282716e-03
6.930693069306925747e-02
1.104964332508370922e-01
1.541691661667665136e-01
9.650134563629383933e-02
4.173662748860635513e-02
8.549845484720158817e-02
9.650134563629383933e-02
8.083441981747059579e-02
1.404535479151422794e-01
7.279542316038667416e-02
5.146316851664982372e-02
3.480850189957902102e-02
4.459407953246092432e-02
9.650134563629383933e-02
6.317705173758558779e-02
6.930693069306925747e-02
3.688524590163932970e-02
1.288963774220725778e-01
4.957813262673452931e-02
5.146316851664982372e-02
6.937627896917166435e-03
8.438818565400843172e-03
6.611271676300575773e-02
3.688524590163932970e-02
7.706112108096695862e-03
7.662082514734772087e-02
4.615384615384618416e-02
1.104964332508370922e-01
1.190253045923147929e-01
7.662082514734772087e-02
6.046976511744130145e-02
5.885598675740296749e-03
9.650134563629383933e-02
6.937627896917166435e-03
8.083441981747059579e-02
4.957813262673452931e-02
5.146316851664982372e-02
1.190253045923147929e-01
5.146316851664982372e-02
9.650134563629383933e-02
1.190253045923147929e-01
9.068923821039900912e-02
6.046976511744130145e-02
5.347952562094430290e-02
1.030534351145036553e-01
7.706112108096695862e-03
1.910499139414802983e-01
6.611271676300575773e-02
1.288963774220725778e-01
1.404535479151422794e-01
9.068923821039900912e-02
1.104964332508370922e-01
9.650134563629383933e-02
3.918228279386712365e-02
1.104964332508370922e-01
1.190253045923147929e-01
1.030534351145036553e-01
1.030534351145036553e-01
9.650134563629383933e-02
1.190253045923147929e-01
9.068923821039900912e-02
1.030534351145036553e-01
3.800409359960168348e-02
4.042466312780729903e-02
1.190253045923147929e-01
7.042253521126759855e-03
1.707101896779887606e-01
6.317705173758558779e-02
7.256498483970974522e-03
7.366197908617938377e-03
4.173662748860635513e-02
7.662082514734772087e-02
6.937627896917166435e-03
2.166666666666664798e-01
6.317705173758558779e-02
1.288963774220725778e-01
7.256498483970974522e-03
8.549845484720158817e-02
1.404535479151422794e-01
3.480850189957902102e-02
1.288963774220725778e-01
1.117685733070348728e-02
7.042253521126759855e-03
7.279542316038667416e-02
3.582136657724475926e-02
4.312419026466778049e-02
6.317705173758558779e-02
9.068923821039900912e-02
4.615384615384618416e-02
1.190253045923147929e-01
1.412053617108359471e-02
7.279542316038667416e-02
9.068923821039900912e-02
7.366197908617938377e-03
2.166666666666664798e-01
3.582136657724475926e-02
1.190253045923147929e-01
8.549845484720158817e-02
4.312419026466778049e-02
6.317705173758558779e-02
1.707101896779887606e-01
6.611271676300575773e-02
9.650134563629383933e-02
1.404535479151422794e-01
1.030534351145036553e-01
7.366197908617938377e-03
6.611271676300575773e-02
7.279542316038667416e-02
1.288963774220725778e-01
7.662082514734772087e-02
7.590960649158015432e-03
9.068923821039900912e-02
4.173662748860635513e-02
9.650134563629383933e-02
5.798115992756158917e-03
9.068923821039900912e-02
1.104964332508370922e-01
3.582136657724475926e-02
1.117685733070348728e-02
1.000020450315957689e-02
4.173662748860635513e-02
6.611271676300575773e-02
6.611271676300575773e-02
1.404535479151422794e-01
4.572748267898366081e-01
6.930693069306925747e-02
1.404535479151422794e-01
1.860566584598124379e-02
2.499202042770501675e-01
6.930693069306925747e-02
6.046976511744130145e-02
5.564142194744976788e-02
6.046976511744130145e-02
5.347952562094430290e-02
1.288963774220725778e-01
3.587994542974076162e-01
5.796520484245969163e-02
1.404535479151422794e-01
7.662082514734772087e-02
4.781199351701778677e-02
1.541691661667665136e-01
7.662082514734772087e-02
5.796520484245969163e-02
7.477670844007476385e-03
8.549845484720158817e-02
7.662082514734772087e-02
1.404535479151422794e-01
6.930693069306925747e-02
4.312419026466778049e-02
3.292181069958847323e-02
1.030534351145036553e-01
1.030534351145036553e-01
6.930693069306925747e-02
9.251668813678417397e-03
6.611271676300575773e-02
3.582136657724475926e-02
3.688524590163932970e-02
8.083441981747059579e-02
7.590960649158015432e-03
3.480850189957902102e-02
6.611271676300575773e-02
4.312419026466778049e-02
7.148530579825258281e-03
1.104964332508370922e-01
3.918228279386712365e-02
9.068923821039900912e-02
3.292181069958847323e-02
5.347952562094430290e-02
9.650134563629383933e-02
6.930693069306925747e-02
8.549845484720158817e-02
5.564142194744976788e-02
3.918228279386712365e-02
4.312419026466778049e-02
4.173662748860635513e-02
8.063206883489366580e-03
1.104964332508370922e-01
5.347952562094430290e-02
5.146316851664982372e-02
3.918228279386712365e-02
6.834615511605640278e-03
5.796520484245969163e-02
2.166666666666664798e-01
1.190253045923147929e-01
9.395867394173381890e-03
8.549845484720158817e-02
7.279542316038667416e-02
9.650134563629383933e-02
3.292181069958847323e-02
6.064375680298553922e-03
2.444649446494464792e-02
4.459407953246092432e-02
3.688524590163932970e-02
5.564142194744976788e-02
4.042466312780729903e-02
8.083441981747059579e-02
5.798115992756158917e-03
8.083441981747059579e-02
1.404535479151422794e-01
4.957813262673452931e-02
9.650134563629383933e-02
4.957813262673452931e-02
3.587994542974076162e-01
4.957813262673452931e-02
7.366197908617938377e-03
7.279542316038667416e-02
4.312419026466778049e-02
1.707101896779887606e-01
4.042466312780729903e-02
8.083441981747059579e-02
6.611271676300575773e-02
4.781199351701778677e-02
1.104964332508370922e-01
3.480850189957902102e-02
6.930693069306925747e-02
8.549845484720158817e-02
5.796520484245969163e-02
1.104964332508370922e-01
7.279542316038667416e-02
6.930693069306925747e-02
8.083441981747059579e-02
7.279542316038667416e-02
7.366197908617938377e-03
1.030534351145036553e-01
3.688524590163932970e-02
6.633283475320282500e-03
4.615384615384618416e-02
7.662082514734772087e-02
9.650134563629383933e-02
1.910499139414802983e-01
4.957813262673452931e-02
9.650134563629383933e-02
4.042466312780729903e-02
5.564142194744976788e-02
5.796520484245969163e-02
3.800409359960168348e-02
9.068923821039900912e-02
4.042466312780729903e-02
8.549845484720158817e-02
4.459407953246092432e-02
7.823171488886131522e-03
1.190253045923147929e-01
9.650134563629383933e-02
4.312419026466778049e-02
1.910499139414802983e-01
9.650134563629383933e-02
7.823171488886131522e-03
7.256498483970974522e-03
1.541691661667665136e-01
3.480850189957902102e-02
7.042253521126759855e-03
9.692372524230932415e-03
6.937627896917166435e-03
2.888292961709237536e-02
6.930693069306925747e-02
1.030534351145036553e-01
3.688524590163932970e-02
5.146316851664982372e-02
4.615384615384618416e-02
8.083441981747059579e-02
3.918228279386712365e-02
5.347952562094430290e-02
1.541691661667665136e-01
1.104964332508370922e-01
8.549845484720158817e-02
6.534893102057282716e-03
1.104964332508370922e-01
3.204176445232052167e-02
8.083441981747059579e-02
6.317705173758558779e-02
6.930693069306925747e-02
1.910499139414802983e-01
7.942186605609613190e-03
9.650134563629383933e-02
7.256498483970974522e-03
9.650134563629383933e-02
6.317705173758558779e-02
1.190253045923147929e-01
5.347952562094430290e-02
1.910499139414802983e-01
6.046976511744130145e-02
3.480850189957902102e-02
2.499202042770501675e-01
1.404535479151422794e-01
6.046976511744130145e-02
1.030534351145036553e-01
2.948237059264819382e-01
6.046976511744130145e-02
8.438818565400843172e-03
1.030534351145036553e-01
1.910499139414802983e-01
9.650134563629383933e-02
6.611271676300575773e-02
7.279542316038667416e-02
1.104964332508370922e-01
3.582136657724475926e-02
7.662082514734772087e-02
1.030534351145036553e-01
1.173438241877501273e-02
7.279542316038667416e-02
8.549845484720158817e-02
8.549845484720158817e-02
7.148530579825258281e-03
2.962298025134648197e-02
1.104964332508370922e-01
1.190253045923147929e-01
4.173662748860635513e-02
3.918228279386712365e-02
1.288963774220725778e-01
1.104964332508370922e-01
8.700237279198524964e-03
4.615384615384618416e-02
1.104964332508370922e-01
4.042466312780729903e-02
3.384306843820505256e-02
7.279542316038667416e-02
5.347952562094430290e-02
8.549845484720158817e-02
6.930693069306925747e-02
8.311469093444399936e-03
3.688524590163932970e-02
3.582136657724475926e-02
7.279542316038667416e-02
4.173662748860635513e-02
9.068923821039900912e-02
7.256498483970974522e-03
1.541691661667665136e-01
5.146316851664982372e-02
3.918228279386712365e-02
9.068923821039900912e-02
1.288963774220725778e-01
7.279542316038667416e-02
6.611271676300575773e-02
1.104964332508370922e-01
5.347952562094430290e-02
6.930693069306925747e-02
1.707101896779887606e-01
9.650134563629383933e-02
6.930693069306925747e-02
6.930693069306925747e-02
4.312419026466778049e-02
7.279542316038667416e-02
6.317705173758558779e-02
1.104964332508370922e-01
9.068923821039900912e-02
6.930693069306925747e-02
2.499202042770501675e-01
1.104964332508370922e-01
7.042253521126759855e-03
5.564142194744976788e-02
1.404535479151422794e-01
3.800409359960168348e-02
9.068923821039900912e-02
4.957813262673452931e-02
5.347952562094430290e-02
1.190253045923147929e-01
7.662082514734772087e-02
8.549845484720158817e-02
7.256498483970974522e-03
1.404535479151422794e-01
8.083441981747059579e-02
1.190253045923147929e-01
1.288963774220725778e-01
2.166666666666664798e-01
9.068923821039900912e-02
1.104964332508370922e-01
7.042253521126759855e-03
1.707101896779887606e-01
4.957813262673452931e-02
7.477670844007476385e-03
6.633283475320282500e-03
1.190253045923147929e-01
5.146316851664982372e-02
1.910499139414802983e-01
1.190253045923147929e-01
6.046976511744130145e-02
6.733179338477415961e-03
7.279542316038667416e-02
3.918228279386712365e-02
4.615384615384618416e-02
4.312419026466778049e-02
1.541691661667665136e-01
5.146316851664982372e-02
1.030534351145036553e-01
1.541691661667665136e-01
6.834615511605640278e-03
4.615384615384618416e-02
6.611271676300575773e-02
9.068923821039900912e-02
1.104964332508370922e-01
2.444649446494464792e-02
6.046976511744130145e-02
9.068923821039900912e-02
5.796520484245969163e-02
5.347952562094430290e-02
8.549845484720158817e-02
1.190253045923147929e-01
4.459407953246092432e-02
4.615384615384618416e-02
5.564142194744976788e-02
4.781199351701778677e-02
8.083441981747059579e-02
7.279542316038667416e-02
3.800409359960168348e-02
1.288963774220725778e-01
8.549845484720158817e-02
3.039471874570210189e-02
8.083441981747059579e-02
9.068923821039900912e-02
1.104964332508370922e-01
1.190253045923147929e-01
4.957813262673452931e-02
3.039471874570210189e-02
1.910499139414802983e-01
1.387800500518213478e-02
5.711867992384175516e-03
3.039471874570210189e-02
7.590960649158015432e-03
6.046976511744130145e-02
8.083441981747059579e-02
7.662082514734772087e-02
1.190253045923147929e-01
8.834425762325450945e-03
1.104964332508370922e-01
5.347952562094430290e-02
9.650134563629383933e-02
3.384306843820505256e-02
1.190253045923147929e-01
9.844832475793055537e-03
6.930693069306925747e-02
1.707101896779887606e-01
3.918228279386712365e-02
8.186283427323994694e-03
5.796520484245969163e-02
3.384306843820505256e-02
1.541691661667665136e-01
1.288963774220725778e-01
5.796520484245969163e-02
6.930693069306925747e-02
2.817265443266993991e-02
6.611271676300575773e-02
4.173662748860635513e-02
8.063206883489366580e-03
7.279542316038667416e-02
9.110075240324170751e-03
8.549845484720158817e-02
4.957813262673452931e-02
1.404535479151422794e-01
1.104964332508370922e-01
4.781199351701778677e-02
4.615384615384618416e-02
7.279542316038667416e-02
4.615384615384618416e-02
4.572748267898366081e-01
3.480850189957902102e-02
5.347952562094430290e-02
7.662082514734772087e-02
3.384306843820505256e-02
1.288963774220725778e-01
1.190253045923147929e-01
5.564142194744976788e-02
2.817265443266993991e-02
3.204176445232052167e-02
6.046976511744130145e-02
9.068923821039900912e-02
1.707101896779887606e-01
9.068923821039900912e-02
3.582136657724475926e-02
9.650134563629383933e-02
3.918228279386712365e-02
7.279542316038667416e-02
5.564142194744976788e-02
3.800409359960168348e-02
7.256498483970974522e-03
6.046976511744130145e-02
5.347952562094430290e-02
9.068923821039900912e-02
3.688524590163932970e-02
2.962298025134648197e-02
5.347952562094430290e-02
4.957813262673452931e-02
5.347952562094430290e-02
5.798115992756158917e-03
8.311469093444399936e-03
8.549845484720158817e-02
1.404535479151422794e-01
6.930693069306925747e-02
8.083441981747059579e-02
3.582136657724475926e-02
1.030534351145036553e-01
2.683452045718071055e-02
3.582136657724475926e-02
1.542563321272138500e-02
3.120022486648553472e-02
8.083441981747059579e-02
4.042466312780729903e-02
4.173662748860635513e-02
8.063206883489366580e-03
1.030534351145036553e-01
1.030534351145036553e-01
7.256498483970974522e-03
7.366197908617938377e-03
2.749039314218149413e-02
8.083441981747059579e-02
4.781199351701778677e-02
5.146316851664982372e-02
7.279542316038667416e-02
1.404535479151422794e-01
4.312419026466778049e-02
1.190253045923147929e-01
7.823171488886131522e-03
7.590960649158015432e-03
1.541691661667665136e-01
7.662082514734772087e-02
3.039471874570210189e-02
5.347952562094430290e-02
7.706112108096695862e-03
4.173662748860635513e-02
8.083441981747059579e-02
6.611271676300575773e-02
4.042466312780729903e-02
4.042466312780729903e-02
7.279542316038667416e-02
4.615384615384618416e-02
3.292181069958847323e-02
2.499202042770501675e-01
1.860566584598124379e-02
6.733179338477415961e-03
4.572748267898366081e-01
7.823171488886131522e-03
1.404535479151422794e-01
1.104964332508370922e-01
7.366197908617938377e-03
9.068923821039900912e-02
5.885598675740296749e-03
1.190253045923147929e-01
8.549845484720158817e-02
3.480850189957902102e-02
3.582136657724475926e-02
2.166666666666664798e-01
9.068923821039900912e-02
5.347952562094430290e-02
4.459407953246092432e-02
5.347952562094430290e-02
7.279542316038667416e-02
3.800409359960168348e-02
5.796520484245969163e-02
4.781199351701778677e-02
9.068923821039900912e-02
1.030534351145036553e-01
5.796520484245969163e-02
7.256498483970974522e-03
1.707101896779887606e-01
1.104964332508370922e-01
1.570680628272251578e-02
4.173662748860635513e-02
4.781199351701778677e-02
1.032002501824247007e-02
4.957813262673452931e-02
4.042466312780729903e-02
1.104964332508370922e-01
5.347952562094430290e-02
1.104964332508370922e-01
1.910499139414802983e-01
7.662082514734772087e-02
2.817265443266993991e-02
6.534893102057282716e-03
6.046976511744130145e-02
3.120022486648553472e-02
1.404535479151422794e-01
3.918228279386712365e-02
7.256498483970974522e-03
3.120022486648553472e-02
6.046976511744130145e-02
6.930693069306925747e-02
1.104964332508370922e-01
3.120022486648553472e-02
2.888292961709237536e-02
3.688524590163932970e-02
1.910499139414802983e-01
3.918228279386712365e-02
9.068923821039900912e-02
1.030534351145036553e-01
4.615384615384618416e-02
7.256498483970974522e-03
1.404535479151422794e-01
3.587994542974076162e-01
2.948237059264819382e-01
6.611271676300575773e-02
1.190253045923147929e-01
7.662082514734772087e-02
5.146316851664982372e-02
1.190253045923147929e-01
7.366197908617938377e-03
3.480850189957902102e-02
1.707101896779887606e-01
3.292181069958847323e-02
5.564142194744976788e-02
4.042466312780729903e-02
1.910499139414802983e-01
6.317705173758558779e-02
7.148530579825258281e-03
4.173662748860635513e-02
7.477670844007476385e-03
9.650134563629383933e-02
7.042253521126759855e-03
6.930693069306925747e-02
4.615384615384618416e-02
1.288963774220725778e-01
4.312419026466778049e-02
5.796520484245969163e-02
1.541691661667665136e-01
5.796520484245969163e-02
1.910499139414802983e-01
6.733179338477415961e-03
6.046976511744130145e-02
1.190253045923147929e-01
4.957813262673452931e-02
1.104964332508370922e-01
5.796520484245969163e-02
4.957813262673452931e-02
9.650134563629383933e-02
4.781199351701778677e-02
1.404535479151422794e-01
4.781199351701778677e-02
9.650134563629383933e-02
4.957813262673452931e-02
8.568388433608990426e-03
3.688524590163932970e-02
9.650134563629383933e-02
4.615384615384618416e-02
3.688524590163932970e-02
1.910499139414802983e-01
6.317705173758558779e-02
2.015288394718554865e-02
4.615384615384618416e-02
1.910499139414802983e-01
1.722868502429686366e-02
6.937627896917166435e-03
5.146316851664982372e-02
3.582136657724475926e-02
7.366197908617938377e-03
1.288963774220725778e-01
1.030534351145036553e-01
5.347952562094430290e-02
6.930693069306925747e-02
7.366197908617938377e-03
5.564142194744976788e-02
6.633283475320282500e-03
1.541691661667665136e-01
6.834615511605640278e-03
7.042253521126759855e-03
3.688524590163932970e-02
6.248422115627366193e-03
4.781199351701778677e-02
1.515151515151515020e-02
7.590960649158015432e-03
1.030534351145036553e-01
2.620353443022548773e-02
9.251668813678417397e-03
3.384306843820505256e-02
9.650134563629383933e-02
1.190253045923147929e-01
1.104964332508370922e-01
6.611271676300575773e-02
6.046976511744130145e-02
1.104964332508370922e-01
8.186283427323994694e-03
7.477670844007476385e-03
1.541691661667665136e-01
6.611271676300575773e-02
1.288963774220725778e-01
8.083441981747059579e-02
8.549845484720158817e-02
3.120022486648553472e-02
2.749039314218149413e-02
8.083441981747059579e-02
6.317705173758558779e-02
5.798115992756158917e-03
8.549845484720158817e-02
3.918228279386712365e-02
3.582136657724475926e-02
2.962298025134648197e-02
1.104964332508370922e-01
1.212611156022635507e-02
7.662082514734772087e-02
3.918228279386712365e-02
9.068923821039900912e-02
5.146316851664982372e-02
4.781199351701778677e-02
9.110075240324170751e-03
7.042253521126759855e-03
2.817265443266993991e-02
7.366197908617938377e-03
7.366197908617938377e-03
1.104964332508370922e-01
3.688524590163932970e-02
8.083441981747059579e-02
4.615384615384618416e-02
6.930693069306925747e-02
6.046976511744130145e-02
8.311469093444399936e-03
1.288963774220725778e-01
4.173662748860635513e-02
1.288963774220725778e-01
8.083441981747059579e-02
6.930693069306925747e-02
8.568388433608990426e-03
3.039471874570210189e-02
5.347952562094430290e-02
3.582136657724475926e-02
4.615384615384618416e-02
1.104964332508370922e-01
1.030534351145036553e-01
5.146316851664982372e-02
1.288963774220725778e-01
4.957813262673452931e-02
3.480850189957902102e-02
9.068923821039900912e-02
3.582136657724475926e-02
4.615384615384618416e-02
8.083441981747059579e-02
6.317705173758558779e-02
7.148530579825258281e-03
1.599531027552131279e-02
3.800409359960168348e-02
6.611271676300575773e-02
4.173662748860635513e-02
5.347952562094430290e-02
3.384306843820505256e-02
1.104964332508370922e-01
1.541691661667665136e-01
3.292181069958847323e-02
5.564142194744976788e-02
7.823171488886131522e-03
1.104964332508370922e-01
7.366197908617938377e-03
2.683452045718071055e-02
3.800409359960168348e-02
1.288963774220725778e-01
5.146316851664982372e-02
6.733179338477415961e-03
1.288963774220725778e-01
5.347952562094430290e-02
4.173662748860635513e-02
6.046976511744130145e-02
4.042466312780729903e-02
7.590960649158015432e-03
7.823171488886131522e-03
9.650134563629383933e-02
1.541691661667665136e-01
2.817265443266993991e-02
8.549845484720158817e-02
7.942186605609613190e-03
1.541691661667665136e-01
9.395867394173381890e-03
2.962298025134648197e-02
1.910499139414802983e-01
6.930693069306925747e-02
9.844832475793055537e-03
6.317705173758558779e-02
7.279542316038667416e-02
4.615384615384618416e-02
1.541691661667665136e-01
1.104964332508370922e-01
2.166666666666664798e-01
6.930693069306925747e-02
8.549845484720158817e-02
9.068923821039900912e-02
4.173662748860635513e-02
1.707101896779887606e-01
1.404535479151422794e-01
5.564142194744976788e-02
1.288963774220725778e-01
1.030534351145036553e-01
7.042253521126759855e-03
9.650134563629383933e-02
3.292181069958847323e-02
5.347952562094430290e-02
1.541691661667665136e-01
6.248422115627366193e-03
9.068923821039900912e-02
9.650134563629383933e-02
4.312419026466778049e-02
7.662082514734772087e-02
4.173662748860635513e-02
7.942186605609613190e-03
7.942186605609613190e-03
9.650134563629383933e-02
2.749039314218149413e-02
1.030534351145036553e-01
7.279542316038667416e-02
2.817265443266993991e-02
5.347952562094430290e-02
7.942186605609613190e-03
3.587994542974076162e-01
4.312419026466778049e-02
4.615384615384618416e-02
1.910499139414802983e-01
3.039471874570210189e-02
6.046976511744130145e-02
4.042466312780729903e-02
4.615384615384618416e-02
5.146316851664982372e-02
1.707101896779887606e-01
1.599531027552131279e-02
8.083441981747059579e-02
2.888292961709237536e-02
9.650134563629383933e-02
1.190253045923147929e-01
7.477670844007476385e-03
5.796520484245969163e-02
4.042466312780729903e-02
6.611271676300575773e-02
1.190253045923147929e-01
1.541691661667665136e-01
1.404535479151422794e-01
5.564142194744976788e-02
6.611271676300575773e-02
7.662082514734772087e-02
7.042253521126759855e-03
9.068923821039900912e-02
7.662082514734772087e-02
7.279542316038667416e-02
1.030534351145036553e-01
1.707101896779887606e-01
1.104964332508370922e-01
6.437974440280581044e-03
9.068923821039900912e-02
4.312419026466778049e-02
8.549845484720158817e-02
4.615384615384618416e-02
7.662082514734772087e-02
1.190253045923147929e-01
7.590960649158015432e-03
6.046976511744130145e-02
1.541691661667665136e-01
8.083441981747059579e-02
2.166666666666664798e-01
9.068923821039900912e-02
9.650134563629383933e-02
8.083441981747059579e-02
1.104964332508370922e-01
8.549845484720158817e-02
4.615384615384618416e-02
1.288963774220725778e-01
8.549845484720158817e-02
5.626828719333783028e-03
6.930693069306925747e-02
6.930693069306925747e-02
6.930693069306925747e-02
1.190253045923147929e-01
5.564142194744976788e-02
1.288963774220725778e-01
9.068923821039900912e-02
9.650134563629383933e-02
6.611271676300575773e-02
6.437974440280581044e-03
4.312419026466778049e-02
8.083441981747059579e-02
8.083441981747059579e-02
1.190253045923147929e-01
7.366197908617938377e-03
6.611271676300575773e-02
6.317705173758558779e-02
4.615384615384618416e-02
1.104964332508370922e-01
8.083441981747059579e-02
8.083441981747059579e-02
8.083441981747059579e-02
7.279542316038667416e-02
8.083441981747059579e-02
4.615384615384618416e-02
1.190253045923147929e-01
3.688524590163932970e-02
6.284584980237100105e-01
6.930693069306925747e-02
9.068923821039900912e-02
1.030534351145036553e-01
8.549845484720158817e-02
5.564142194744976788e-02
1.030534351145036553e-01
4.312419026466778049e-02
1.030534351145036553e-01
1.030534351145036553e-01
8.083441981747059579e-02
8.083441981747059579e-02
2.166666666666664798e-01
7.279542316038667416e-02
7.042253521126759855e-03
2.948237059264819382e-01
7.279542316038667416e-02
9.650134563629383933e-02
9.650134563629383933e-02
4.312419026466778049e-02
8.549845484720158817e-02
8.083441981747059579e-02
9.068923821039900912e-02
6.317705173758558779e-02
8.549845484720158817e-02
4.459407953246092432e-02
3.688524590163932970e-02
4.173662748860635513e-02
9.068923821039900912e-02
8.083441981747059579e-02
6.064375680298553922e-03
9.650134563629383933e-02
9.068923821039900912e-02
1.288963774220725778e-01
9.650134563629383933e-02
7.662082514734772087e-02
9.068923821039900912e-02
1.404535479151422794e-01
9.068923821039900912e-02
9.650134563629383933e-02
1.030534351145036553e-01
1.288963774220725778e-01
9.068923821039900912e-02
6.317705173758558779e-02
7.366197908617938377e-03
7.662082514734772087e-02
8.083441981747059579e-02
6.317705173758558779e-02
1.104964332508370922e-01
1.404535479151422794e-01
5.347952562094430290e-02
6.611271676300575773e-02
7.042253521126759855e-03
9.068923821039900912e-02
5.347952562094430290e-02
8.083441981747059579e-02
7.706112108096695862e-03
4.781199351701778677e-02
6.611271676300575773e-02
3.800409359960168348e-02
9.650134563629383933e-02
4.459407953246092432e-02
8.083441981747059579e-02
8.083441981747059579e-02
1.541691661667665136e-01
7.662082514734772087e-02
9.650134563629383933e-02
7.279542316038667416e-02
9.650134563629383933e-02
6.317705173758558779e-02
6.930693069306925747e-02
9.650134563629383933e-02
1.030534351145036553e-01
8.083441981747059579e-02
1.910499139414802983e-01
7.366197908617938377e-03
6.930693069306925747e-02
9.068923821039900912e-02
2.166666666666664798e-01
2.499202042770501675e-01
8.083441981747059579e-02
7.477670844007476385e-03
4.459407953246092432e-02
8.549845484720158817e-02
6.611271676300575773e-02
4.615384615384618416e-02
7.823171488886131522e-03
8.083441981747059579e-02
1.030534351145036553e-01
1.030534351145036553e-01
1.190253045923147929e-01
1.404535479151422794e-01
1.190253045923147929e-01
7.706112108096695862e-03
1.104964332508370922e-01
7.662082514734772087e-02
8.700237279198524964e-03
1.910499139414802983e-01
4.957813262673452931e-02
8.549845484720158817e-02
7.662082514734772087e-02
1.190253045923147929e-01
8.549845484720158817e-02
1.104964332508370922e-01
9.068923821039900912e-02
6.930693069306925747e-02
1.030534351145036553e-01
1.190253045923147929e-01
1.629143568276954224e-02
7.662082514734772087e-02
7.942186605609613190e-03
1.190253045923147929e-01
6.611271676300575773e-02
1.340972513767811798e-02
5.564142194744976788e-02
1.288963774220725778e-01
9.068923821039900912e-02
7.279542316038667416e-02
4.312419026466778049e-02
7.148530579825258281e-03
3.587994542974076162e-01
4.957813262673452931e-02
1.541691661667665136e-01
7.662082514734772087e-02
1.190253045923147929e-01
4.173662748860635513e-02
4.781199351701778677e-02
6.834615511605640278e-03
1.104964332508370922e-01
1.030534351145036553e-01
7.279542316038667416e-02
8.549845484720158817e-02
8.083441981747059579e-02
6.317705173758558779e-02
1.190253045923147929e-01
7.279542316038667416e-02
6.046976511744130145e-02
6.046976511744130145e-02
6.611271676300575773e-02
6.611271676300575773e-02
7.279542316038667416e-02
8.549845484720158817e-02
5.347952562094430290e-02
8.549845484720158817e-02
7.279542316038667416e-02
1.104964332508370922e-01
6.834615511605640278e-03
1.190253045923147929e-01
4.615384615384618416e-02
1.288963774220725778e-01
7.477670844007476385e-03
4.173662748860635513e-02
1.288963774220725778e-01
4.173662748860635513e-02
6.930693069306925747e-02
2.166666666666664798e-01
6.930693069306925747e-02
1.288963774220725778e-01
8.083441981747059579e-02
4.781199351701778677e-02
1.707101896779887606e-01
6.611271676300575773e-02
9.650134563629383933e-02
3.204176445232052167e-02
9.068923821039900912e-02
8.083441981747059579e-02
8.549845484720158817e-02
4.173662748860635513e-02
6.064375680298553922e-03
3.384306843820505256e-02
6.317705173758558779e-02
1.117685733070348728e-02
1.190253045923147929e-01
5.796520484245969163e-02
2.962298025134648197e-02
5.146316851664982372e-02
6.930693069306925747e-02
7.662082514734772087e-02
1.030534351145036553e-01
8.083441981747059579e-02
5.347952562094430290e-02
5.564142194744976788e-02
7.279542316038667416e-02
6.611271676300575773e-02
1.104964332508370922e-01
9.650134563629383933e-02
5.347952562094430290e-02
8.083441981747059579e-02
6.937627896917166435e-03
3.587994542974076162e-01
1.190253045923147929e-01
9.068923821039900912e-02
2.962298025134648197e-02
9.110075240324170751e-03
6.930693069306925747e-02
1.190253045923147929e-01
5.564142194744976788e-02
7.823171488886131522e-03
1.030534351145036553e-01
3.582136657724475926e-02
6.930693069306925747e-02
4.957813262673452931e-02
5.146316851664982372e-02
1.404535479151422794e-01
7.279542316038667416e-02
6.930693069306925747e-02
4.781199351701778677e-02
1.541691661667665136e-01
7.042253521126759855e-03
9.650134563629383933e-02
6.046976511744130145e-02
1.190253045923147929e-01
4.615384615384618416e-02
1.910499139414802983e-01
8.083441981747059579e-02
9.068923821039900912e-02
1.707101896779887606e-01
6.046976511744130145e-02
8.186283427323994694e-03
1.030534351145036553e-01
6.930693069306925747e-02
4.459407953246092432e-02
9.395867394173381890e-03
8.083441981747059579e-02
9.650134563629383933e-02
1.190253045923147929e-01
1.541691661667665136e-01
5.796520484245969163e-02
7.662082514734772087e-02
1.030534351145036553e-01
8.083441981747059579e-02
6.046976511744130145e-02
2.948237059264819382e-01
8.083441981747059579e-02
1.707101896779887606e-01
1.030534351145036553e-01
1.541691661667665136e-01
9.068923821039900912e-02
7.662082514734772087e-02
1.515151515151515020e-02
6.930693069306925747e-02
1.288963774220725778e-01
9.650134563629383933e-02
9.068923821039900912e-02
5.564142194744976788e-02
4.615384615384618416e-02
7.042253521126759855e-03
3.582136657724475926e-02
1.104964332508370922e-01
4.312419026466778049e-02
7.662082514734772087e-02
8.549845484720158817e-02
6.611271676300575773e-02
8.083441981747059579e-02
7.662082514734772087e-02
9.068923821039900912e-02
5.347952562094430290e-02
8.549845484720158817e-02
6.046976511744130145e-02
1.288963774220725778e-01
1.104964332508370922e-01
3.480850189957902102e-02
1.288963774220725778e-01
7.256498483970974522e-03
4.173662748860635513e-02
7.279542316038667416e-02
9.068923821039900912e-02
5.796520484245969163e-02
8.083441981747059579e-02
4.781199351701778677e-02
1.190253045923147929e-01
9.068923821039900912e-02
3.918228279386712365e-02
6.930693069306925747e-02
2.962298025134648197e-02
8.549845484720158817e-02
8.083441981747059579e-02
1.030534351145036553e-01
1.030534351145036553e-01
1.707101896779887606e-01
8.549845484720158817e-02
4.042466312780729903e-02
1.288963774220725778e-01
5.796520484245969163e-02
1.190253045923147929e-01
1.104964332508370922e-01
3.800409359960168348e-02
3.204176445232052167e-02
9.068923821039900912e-02
6.611271676300575773e-02
7.279542316038667416e-02
8.311469093444399936e-03
4.173662748860635513e-02
1.404535479151422794e-01
8.549845484720158817e-02
7.279542316038667416e-02
2.166666666666664798e-01
6.317705173758558779e-02
6.611271676300575773e-02
8.549845484720158817e-02
5.974342745110147734e-03
7.042253521126759855e-03
5.347952562094430290e-02
9.650134563629383933e-02
7.662082514734772087e-02
1.541691661667665136e-01
1.541691661667665136e-01
1.288963774220725778e-01
7.279542316038667416e-02
5.564142194744976788e-02
3.688524590163932970e-02
9.068923821039900912e-02
2.166666666666664798e-01
6.611271676300575773e-02
9.068923821039900912e-02
7.590960649158015432e-03
2.166666666666664798e-01
1.541691661667665136e-01
7.662082514734772087e-02
4.312419026466778049e-02
6.930693069306925747e-02
9.650134563629383933e-02
1.288963774220725778e-01
4.957813262673452931e-02
4.957813262673452931e-02
6.046976511744130145e-02
6.046976511744130145e-02
1.030534351145036553e-01
1.030534351145036553e-01
1.404535479151422794e-01
1.288963774220725778e-01
1.541691661667665136e-01
1.707101896779887606e-01
1.190253045923147929e-01
1.910499139414802983e-01
1.104964332508370922e-01
1.288963774220725778e-01
1.190253045923147929e-01
6.930693069306925747e-02
1.030534351145036553e-01
6.317705173758558779e-02
6.611271676300575773e-02
1.288963774220725778e-01
8.549845484720158817e-02
1.288963774220725778e-01
1.104964332508370922e-01
8.083441981747059579e-02
9.650134563629383933e-02
1.541691661667665136e-01
6.046976511744130145e-02
1.030534351145036553e-01
1.404535479151422794e-01
9.068923821039900912e-02
1.030534351145036553e-01
6.611271676300575773e-02
8.549845484720158817e-02
9.068923821039900912e-02
8.549845484720158817e-02
9.068923821039900912e-02
7.279542316038667416e-02
8.438818565400843172e-03
7.279542316038667416e-02
8.549845484720158817e-02
6.930693069306925747e-02
1.404535479151422794e-01
6.046976511744130145e-02
4.615384615384618416e-02
1.910499139414802983e-01
5.796520484245969163e-02
1.030534351145036553e-01
1.288963774220725778e-01
4.459407953246092432e-02
1.030534351145036553e-01
9.650134563629383933e-02
1.288963774220725778e-01
8.083441981747059579e-02
1.541691661667665136e-01
1.030534351145036553e-01
9.068923821039900912e-02
1.104964332508370922e-01
9.650134563629383933e-02
6.046976511744130145e-02
7.279542316038667416e-02
1.541691661667665136e-01
1.104964332508370922e-01
9.068923821039900912e-02
1.288963774220725778e-01
1.707101896779887606e-01
1.404535479151422794e-01
1.190253045923147929e-01
6.046976511744130145e-02
6.930693069306925747e-02
7.279542316038667416e-02
8.083441981747059579e-02
1.030534351145036553e-01
8.083441981747059579e-02
1.104964332508370922e-01
5.564142194744976788e-02
4.615384615384618416e-02
8.083441981747059579e-02
9.068923821039900912e-02
7.279542316038667416e-02
9.650134563629383933e-02
1.404535479151422794e-01
1.104964332508370922e-01
9.650134563629383933e-02
5.347952562094430290e-02
3.120022486648553472e-02
9.650134563629383933e-02
5.796520484245969163e-02
8.549845484720158817e-02
9.650134563629383933e-02
1.030534351145036553e-01
1.288963774220725778e-01
9.650134563629383933e-02
7.662082514734772087e-02
1.707101896779887606e-01
5.796520484245969163e-02
1.190253045923147929e-01
9.650134563629383933e-02
9.068923821039900912e-02
1.104964332508370922e-01
9.068923821039900912e-02
6.930693069306925747e-02
6.930693069306925747e-02
1.190253045923147929e-01
8.083441981747059579e-02
9.068923821039900912e-02
4.459407953246092432e-02
8.083441981747059579e-02
1.541691661667665136e-01
8.083441981747059579e-02
1.404535479151422794e-01
6.046976511744130145e-02
8.549845484720158817e-02
6.930693069306925747e-02
6.317705173758558779e-02
5.347952562094430290e-02
6.611271676300575773e-02
1.104964332508370922e-01
8.083441981747059579e-02
4.312419026466778049e-02
1.104964332508370922e-01
7.662082514734772087e-02
8.083441981747059579e-02
6.046976511744130145e-02
8.083441981747059579e-02
8.083441981747059579e-02
1.190253045923147929e-01
1.190253045923147929e-01
7.662082514734772087e-02
1.288963774220725778e-01
1.104964332508370922e-01
1.288963774220725778e-01
9.650134563629383933e-02
6.930693069306925747e-02
8.083441981747059579e-02
7.662082514734772087e-02
9.650134563629383933e-02
1.104964332508370922e-01
1.104964332508370922e-01
1.104964332508370922e-01
7.662082514734772087e-02
1.288963774220725778e-01
1.030534351145036553e-01
1.404535479151422794e-01
8.083441981747059579e-02
7.279542316038667416e-02
8.549845484720158817e-02
6.930693069306925747e-02
9.650134563629383933e-02
9.068923821039900912e-02
6.611271676300575773e-02
6.611271676300575773e-02
8.311469093444399936e-03
6.046976511744130145e-02
7.279542316038667416e-02
1.104964332508370922e-01
1.288963774220725778e-01
1.030534351145036553e-01
1.030534351145036553e-01
7.279542316038667416e-02
9.650134563629383933e-02
1.104964332508370922e-01
9.068923821039900912e-02
8.063206883489366580e-03
7.662082514734772087e-02
7.279542316038667416e-02
1.190253045923147929e-01
8.549845484720158817e-02
2.166666666666664798e-01
1.104964332508370922e-01
1.190253045923147929e-01
5.347952562094430290e-02
1.190253045923147929e-01
7.279542316038667416e-02
9.650134563629383933e-02
4.957813262673452931e-02
8.549845484720158817e-02
6.930693069306925747e-02
6.611271676300575773e-02
6.930693069306925747e-02
8.083441981747059579e-02
2.166666666666664798e-01
1.707101896779887606e-01
6.930693069306925747e-02
8.083441981747059579e-02
1.190253045923147929e-01
6.611271676300575773e-02
8.549845484720158817e-02
7.279542316038667416e-02
9.650134563629383933e-02
6.930693069306925747e-02
5.796520484245969163e-02
8.083441981747059579e-02
9.068923821039900912e-02
9.650134563629383933e-02
8.083441981747059579e-02
8.083441981747059579e-02
8.549845484720158817e-02
5.798115992756158917e-03
8.083441981747059579e-02
8.549845484720158817e-02
1.910499139414802983e-01
7.590960649158015432e-03
1.030534351145036553e-01
6.611271676300575773e-02
1.404535479151422794e-01
1.404535479151422794e-01
7.366197908617938377e-03
1.404535479151422794e-01
1.404535479151422794e-01
1.104964332508370922e-01
1.030534351145036553e-01
1.404535479151422794e-01
1.288963774220725778e-01
8.549845484720158817e-02
1.030534351145036553e-01
5.564142194744976788e-02
4.459407953246092432e-02
5.347952562094430290e-02
6.937627896917166435e-03
7.279542316038667416e-02
9.650134563629383933e-02
1.104964332508370922e-01
6.317705173758558779e-02
3.292181069958847323e-02
3.688524590163932970e-02
8.083441981747059579e-02
9.068923821039900912e-02
2.948237059264819382e-01
1.104964332508370922e-01
3.587994542974076162e-01
5.347952562094430290e-02
1.541691661667665136e-01
1.707101896779887606e-01
1.104964332508370922e-01
1.104964332508370922e-01
7.662082514734772087e-02
9.068923821039900912e-02
6.046976511744130145e-02
1.030534351145036553e-01
5.146316851664982372e-02
4.459407953246092432e-02
7.662082514734772087e-02
6.937627896917166435e-03
4.781199351701778677e-02
2.166666666666664798e-01
8.083441981747059579e-02
1.104964332508370922e-01
4.312419026466778049e-02
8.083441981747059579e-02
1.288963774220725778e-01
1.030534351145036553e-01
6.937627896917166435e-03
3.384306843820505256e-02
1.190253045923147929e-01
3.480850189957902102e-02
1.030534351145036553e-01
5.347952562094430290e-02
9.068923821039900912e-02
1.030534351145036553e-01
7.662082514734772087e-02
6.317705173758558779e-02
6.611271676300575773e-02
6.248422115627366193e-03
1.707101896779887606e-01
5.796520484245969163e-02
8.549845484720158817e-02
3.480850189957902102e-02
1.541691661667665136e-01
3.918228279386712365e-02
9.650134563629383933e-02
9.068923821039900912e-02
3.384306843820505256e-02
1.030534351145036553e-01
6.611271676300575773e-02
6.046976511744130145e-02
6.930693069306925747e-02
9.650134563629383933e-02
1.190253045923147929e-01
3.582136657724475926e-02
5.347952562094430290e-02
8.083441981747059579e-02
4.459407953246092432e-02
5.564142194744976788e-02
8.083441981747059579e-02
7.662082514734772087e-02
5.796520484245969163e-02
6.611271676300575773e-02
1.404535479151422794e-01
1.541691661667665136e-01
1.707101896779887606e-01
8.083441981747059579e-02
8.549845484720158817e-02
5.564142194744976788e-02
3.800409359960168348e-02
2.166666666666664798e-01
4.615384615384618416e-02
1.288963774220725778e-01
6.317705173758558779e-02
5.347952562094430290e-02
7.662082514734772087e-02
3.582136657724475926e-02
5.796520484245969163e-02
4.957813262673452931e-02
8.083441981747059579e-02
1.404535479151422794e-01
4.615384615384618416e-02
1.104964332508370922e-01
7.279542316038667416e-02
8.549845484720158817e-02
5.885598675740296749e-03
6.611271676300575773e-02
5.564142194744976788e-02
5.347952562094430290e-02
8.549845484720158817e-02
8.311469093444399936e-03
8.083441981747059579e-02
9.068923821039900912e-02
1.104964332508370922e-01
9.650134563629383933e-02
5.347952562094430290e-02
6.930693069306925747e-02
4.957813262673452931e-02
3.480850189957902102e-02
4.459407953246092432e-02
8.549845484720158817e-02
4.781199351701778677e-02
7.662082514734772087e-02
8.083441981747059579e-02
1.104964332508370922e-01
5.347952562094430290e-02
1.104964332508370922e-01
4.459407953246092432e-02
4.957813262673452931e-02
9.650134563629383933e-02
7.662082514734772087e-02
1.707101896779887606e-01
4.781199351701778677e-02
1.104964332508370922e-01
1.707101896779887606e-01
7.662082514734772087e-02
7.662082514734772087e-02
6.930693069306925747e-02
6.930693069306925747e-02
5.564142194744976788e-02
4.615384615384618416e-02
7.662082514734772087e-02
4.312419026466778049e-02
9.650134563629383933e-02
8.549845484720158817e-02
9.650134563629383933e-02
1.104964332508370922e-01
6.611271676300575773e-02
6.046976511744130145e-02
9.650134563629383933e-02
1.030534351145036553e-01
1.541691661667665136e-01
7.279542316038667416e-02
7.662082514734772087e-02
6.317705173758558779e-02
6.930693069306925747e-02
6.611271676300575773e-02
7.279542316038667416e-02
6.611271676300575773e-02
3.384306843820505256e-02
6.930693069306925747e-02
1.288963774220725778e-01
6.046976511744130145e-02
3.800409359960168348e-02
6.046976511744130145e-02
9.650134563629383933e-02
6.611271676300575773e-02
4.312419026466778049e-02
7.662082514734772087e-02
9.068923821039900912e-02
7.662082514734772087e-02
5.146316851664982372e-02
4.957813262673452931e-02
7.279542316038667416e-02
5.796520484245969163e-02
6.611271676300575773e-02
1.541691661667665136e-01
8.083441981747059579e-02
6.611271676300575773e-02
6.342494714587738544e-03
7.662082514734772087e-02
4.781199351701778677e-02
6.611271676300575773e-02
1.104964332508370922e-01
7.279542316038667416e-02
1.104964332508370922e-01
5.146316851664982372e-02
9.650134563629383933e-02
1.190253045923147929e-01
8.549845484720158817e-02
5.796520484245969163e-02
6.930693069306925747e-02
9.068923821039900912e-02
8.549845484720158817e-02
8.083441981747059579e-02
5.146316851664982372e-02
1.190253045923147929e-01
1.190253045923147929e-01
1.288963774220725778e-01
5.564142194744976788e-02
3.204176445232052167e-02
6.046976511744130145e-02
4.957813262673452931e-02
4.173662748860635513e-02
6.046976511744130145e-02
6.930693069306925747e-02
1.030534351145036553e-01
6.046976511744130145e-02
6.930693069306925747e-02
7.279542316038667416e-02
2.888292961709237536e-02
4.173662748860635513e-02
1.104964332508370922e-01
1.104964332508370922e-01
8.549845484720158817e-02
1.030534351145036553e-01
1.707101896779887606e-01
7.279542316038667416e-02
1.288963774220725778e-01
6.317705173758558779e-02
1.404535479151422794e-01
1.030534351145036553e-01
1.030534351145036553e-01
1.288963774220725778e-01
1.030534351145036553e-01
7.279542316038667416e-02
3.587994542974076162e-01
7.662082514734772087e-02
1.104964332508370922e-01
5.796520484245969163e-02
9.068923821039900912e-02
6.611271676300575773e-02
1.104964332508370922e-01
4.042466312780729903e-02
9.068923821039900912e-02
8.549845484720158817e-02
7.148530579825258281e-03
1.541691661667665136e-01
1.030534351145036553e-01
6.611271676300575773e-02
6.046976511744130145e-02
7.662082514734772087e-02
1.030534351145036553e-01
7.662082514734772087e-02
1.104964332508370922e-01
6.611271676300575773e-02
5.347952562094430290e-02
1.515151515151515020e-02
7.662082514734772087e-02
9.650134563629383933e-02
5.347952562094430290e-02
1.288963774220725778e-01
6.611271676300575773e-02
9.068923821039900912e-02
6.248422115627366193e-03
1.104964332508370922e-01
5.564142194744976788e-02
3.292181069958847323e-02
1.288963774220725778e-01
6.046976511744130145e-02
1.288963774220725778e-01
6.317705173758558779e-02
7.477670844007476385e-03
7.279542316038667416e-02
6.046976511744130145e-02
1.104964332508370922e-01
8.083441981747059579e-02
1.190253045923147929e-01
1.104964332508370922e-01
6.611271676300575773e-02
1.190253045923147929e-01
7.279542316038667416e-02
8.083441981747059579e-02
8.549845484720158817e-02
7.279542316038667416e-02
5.146316851664982372e-02
6.930693069306925747e-02
1.104964332508370922e-01
7.662082514734772087e-02
9.068923821039900912e-02
5.347952562094430290e-02
8.549845484720158817e-02
1.030534351145036553e-01
2.166666666666664798e-01
9.650134563629383933e-02
6.611271676300575773e-02
1.404535479151422794e-01
6.930693069306925747e-02
6.930693069306925747e-02
5.146316851664982372e-02
8.549845484720158817e-02
7.366197908617938377e-03
1.030534351145036553e-01
1.030534351145036553e-01
6.930693069306925747e-02
6.317705173758558779e-02
8.549845484720158817e-02
4.615384615384618416e-02
7.279542316038667416e-02
4.781199351701778677e-02
9.650134563629383933e-02
5.347952562094430290e-02
1.404535479151422794e-01
3.800409359960168348e-02
8.549845484720158817e-02
5.146316851664982372e-02
4.957813262673452931e-02
4.042466312780729903e-02
1.404535479151422794e-01
7.662082514734772087e-02
6.611271676300575773e-02
6.930693069306925747e-02
1.404535479151422794e-01
1.104964332508370922e-01
3.800409359960168348e-02
7.662082514734772087e-02
8.083441981747059579e-02
8.549845484720158817e-02
1.288963774220725778e-01
1.030534351145036553e-01
6.611271676300575773e-02
6.317705173758558779e-02
4.312419026466778049e-02
4.615384615384618416e-02
1.541691661667665136e-01
1.190253045923147929e-01
7.279542316038667416e-02
8.311469093444399936e-03
1.030534351145036553e-01
1.190253045923147929e-01
2.166666666666664798e-01
5.146316851664982372e-02
3.292181069958847323e-02
5.564142194744976788e-02
1.910499139414802983e-01
9.068923821039900912e-02
6.317705173758558779e-02
4.459407953246092432e-02
8.083441981747059579e-02
4.957813262673452931e-02
5.796520484245969163e-02
1.104964332508370922e-01
8.083441981747059579e-02
1.190253045923147929e-01
4.173662748860635513e-02
1.190253045923147929e-01
1.707101896779887606e-01
8.083441981747059579e-02
7.279542316038667416e-02
1.288963774220725778e-01
4.615384615384618416e-02
6.317705173758558779e-02
5.796520484245969163e-02
6.611271676300575773e-02
8.083441981747059579e-02
5.626828719333783028e-03
1.190253045923147929e-01
6.930693069306925747e-02
1.030534351145036553e-01
4.173662748860635513e-02
5.796520484245969163e-02
4.459407953246092432e-02
5.796520484245969163e-02
8.549845484720158817e-02
6.611271676300575773e-02
6.611271676300575773e-02
7.662082514734772087e-02
9.068923821039900912e-02
4.781199351701778677e-02
8.549845484720158817e-02
1.404535479151422794e-01
1.288963774220725778e-01
9.068923821039900912e-02
6.611271676300575773e-02
6.317705173758558779e-02
9.650134563629383933e-02
8.549845484720158817e-02
9.650134563629383933e-02
7.279542316038667416e-02
8.700237279198524964e-03
1.707101896779887606e-01
9.650134563629383933e-02
8.549845484720158817e-02
9.650134563629383933e-02
1.190253045923147929e-01
4.459407953246092432e-02
6.930693069306925747e-02
7.279542316038667416e-02
1.910499139414802983e-01
6.046976511744130145e-02
9.650134563629383933e-02
6.930693069306925747e-02
7.279542316038667416e-02
8.549845484720158817e-02
7.590960649158015432e-03
1.190253045923147929e-01
9.650134563629383933e-02
6.611271676300575773e-02
7.662082514734772087e-02
6.611271676300575773e-02
1.030534351145036553e-01
2.190398927727417455e-02
8.549845484720158817e-02
3.688524590163932970e-02
7.279542316038667416e-02
6.930693069306925747e-02
7.279542316038667416e-02
9.068923821039900912e-02
5.796520484245969163e-02
9.650134563629383933e-02
7.279542316038667416e-02
1.190253045923147929e-01
1.104964332508370922e-01
9.068923821039900912e-02
8.083441981747059579e-02
8.549845484720158817e-02
8.083441981747059579e-02
8.083441981747059579e-02
6.930693069306925747e-02
9.650134563629383933e-02
9.068923821039900912e-02
1.190253045923147929e-01
6.317705173758558779e-02
1.190253045923147929e-01
6.611271676300575773e-02
9.650134563629383933e-02
9.650134563629383933e-02
6.317705173758558779e-02
7.279542316038667416e-02
8.549845484720158817e-02
3.800409359960168348e-02
8.549845484720158817e-02
1.030534351145036553e-01
7.662082514734772087e-02
6.937627896917166435e-03
9.650134563629383933e-02
8.083441981747059579e-02
9.650134563629383933e-02
8.083441981747059579e-02
1.104964332508370922e-01
5.146316851664982372e-02
1.104964332508370922e-01
7.662082514734772087e-02
1.288963774220725778e-01
3.918228279386712365e-02
1.404535479151422794e-01
7.662082514734772087e-02
1.190253045923147929e-01
9.068923821039900912e-02
7.279542316038667416e-02
8.083441981747059579e-02
7.279542316038667416e-02
1.404535479151422794e-01
9.068923821039900912e-02
1.104964332508370922e-01
1.030534351145036553e-01
5.564142194744976788e-02
9.068923821039900912e-02
1.541691661667665136e-01
1.404535479151422794e-01
1.190253045923147929e-01
1.030534351145036553e-01
1.104964332508370922e-01
8.549845484720158817e-02
8.549845484720158817e-02
8.083441981747059579e-02
3.292181069958847323e-02
6.317705173758558779e-02
7.662082514734772087e-02
1.104964332508370922e-01
7.662082514734772087e-02
6.611271676300575773e-02
1.190253045923147929e-01
5.564142194744976788e-02
7.662082514734772087e-02
7.662082514734772087e-02
7.662082514734772087e-02
